362
10000
79 47 211
29 7 124
31 87 256
56 72 250
49 3 53
82 47 88
40 81 344
62 75 106
24 27 143
99 55 266
2 57 78
45 33 66
76 55 3
46 77 43
55 75 173
90 46 86
18 80 206
96 38 333
62 21 328
98 16 93
36 80 77
21 12 52
80 82 331
3 65 98
33 5 43
76 55 69
28 9 329
93 32 338
17 9 60
78 26 292
40 83 225
96 20 44
7 62 342
0 37 327
22 69 85
83 80 223
36 75 224
67 33 121
66 0 227
88 11 279
73 37 7
70 64 293
62 39 206
58 5 229
33 26 318
43 0 1
42 45 48
86 76 184
96 12 287
26 67 303
72 58 340
2 94 318
34 85 120
30 15 308
77 86 219
71 73 7
6 44 251
41 56 236
78 93 221
52 72 5
14 86 327
22 84 175
31 26 186
22 18 2
52 79 131
29 92 187
52 66 341
13 24 46
79 80 326
57 8 206
38 37 59
61 42 275
13 22 115
40 56 359
20 51 307
99 84 266
63 87 191
14 94 287
43 36 336
0 36 148
45 35 294
83 26 92
77 8 126
3 18 253
98 34 126
42 12 268
31 7 134
78 40 342
89 91 234
48 58 219
33 81 173
37 86 20
73 9 27
19 31 80
85 60 53
34 54 347
79 80 62
70 9 30
36 35 118
79 46 358
10 4 70
17 61 147
90 55 203
57 61 259
25 1 293
27 93 249
46 69 114
0 46 16
17 97 64
97 69 345
26 83 261
50 87 164
20 38 50
69 64 39
47 96 81
65 56 53
70 84 168
65 7 41
21 62 301
84 52 37
10 48 254
97 38 102
59 31 114
91 86 192
68 29 269
29 26 217
28 98 3
31 33 40
17 53 311
32 56 188
22 46 24
80 66 196
58 43 244
30 57 284
37 94 93
3 84 328
78 50 46
92 69 101
17 66 227
27 59 25
1 75 285
96 64 147
3 29 286
15 66 166
81 1 282
66 55 336
45 1 287
28 66 335
77 27 26
11 42 272
93 72 268
29 78 236
77 91 360
75 93 122
62 1 261
0 44 208
37 59 178
44 24 326
3 17 241
37 93 212
94 86 31
52 46 9
65 77 339
19 9 197
46 97 263
60 13 73
44 89 261
35 78 207
25 32 84
99 16 118
13 41 107
86 59 202
25 77 97
6 92 291
85 42 157
69 95 170
51 83 191
63 69 264
73 72 197
14 4 251
83 19 95
33 98 214
79 87 61
21 86 14
8 41 78
56 22 38
15 19 6
15 16 347
97 38 225
88 57 139
14 81 46
97 69 135
53 41 191
68 76 144
88 59 198
60 40 179
30 34 65
46 66 293
7 82 213
85 5 332
1 98 316
43 86 268
36 10 133
53 65 29
17 32 33
57 0 244
73 28 172
37 37 138
20 68 298
44 27 240
94 3 342
44 17 309
52 69 75
58 71 38
85 88 348
24 53 256
44 75 280
41 34 194
19 68 24
85 94 51
11 31 212
81 25 63
14 27 313
81 88 227
78 56 64
10 60 358
95 41 150
97 46 307
23 78 42
63 92 13
9 98 304
66 39 175
89 97 298
90 32 140
21 79 306
88 93 141
74 92 318
4 27 347
64 84 66
22 68 297
45 13 283
77 27 31
69 69 99
24 55 28
75 11 293
68 71 7
34 15 6
4 23 355
0 29 163
94 55 135
93 52 229
33 4 308
56 7 33
57 51 122
60 73 3
15 45 1
9 23 171
73 70 247
70 15 327
43 16 240
69 61 286
7 24 76
73 24 186
70 97 135
89 56 119
96 75 237
71 83 114
66 91 42
95 28 149
45 93 168
96 42 37
46 99 282
99 40 302
64 64 138
63 21 15
44 61 348
22 29 72
81 90 275
85 81 288
86 55 192
95 37 22
17 76 359
94 80 247
39 29 269
47 53 143
58 41 204
88 89 62
31 17 152
62 90 297
23 75 179
30 46 191
21 77 66
98 5 25
62 13 265
85 34 160
66 44 309
55 66 127
29 71 182
77 11 103
0 76 84
28 50 212
89 68 244
99 60 102
72 7 168
16 40 183
85 3 66
70 54 182
35 81 146
46 72 187
79 0 69
93 11 245
69 16 347
23 59 222
20 89 177
80 29 57
72 90 207
64 71 109
68 7 9
77 90 172
39 47 320
34 49 2
86 95 89
65 71 20
90 24 298
31 62 343
78 88 89
35 36 195
20 14 291
32 44 13
70 52 154
73 84 285
71 1 306
14 68 296
38 86 182
97 99 156
40 27 316
83 24 291
8 62 137
11 12 287
55 61 36
17 23 202
35 13 36
59 66 196
48 71 7
5 52 180
34 65 162
83 23 262
30 41 161
31 9 122
33 98 303
23 94 76
15 72 273
23 37 341
52 37 288
21 7 360
58 8 47
71 88 240
37 64 119
13 57 40
8 1 198
61 0 347
24 81 331
64 36 242
54 13 281
44 76 139
36 31 142
5 53 171
72 39 241
32 75 283
3 42 170
46 87 44
24 57 276
14 52 250
93 70 352
17 92 65
94 13 325
75 32 50
13 25 336
38 98 3
19 26 223
2 73 226
20 91 263
2 96 237
21 24 361
25 29 138
83 65 148
84 15 340
42 17 37
35 80 297
27 48 74
19 45 254
51 72 189
86 69 219
8 76 307
91 35 36
61 48 156
3 85 67
18 73 126
83 58 6
7 27 253
75 54 240
0 64 275
59 47 212
84 25 184
35 28 221
44 5 196
9 53 351
44 92 66
55 64 244
83 50 63
23 78 279
54 47 119
97 73 344
54 94 100
49 17 204
28 66 344
50 44 324
26 41 227
1 86 77
8 11 174
79 35 49
7 89 359
42 22 359
45 42 121
30 67 222
44 40 131
83 12 303
59 14 177
42 71 179
35 71 123
85 57 83
95 31 309
38 8 57
68 60 315
57 53 37
17 41 326
70 16 148
46 17 203
94 92 124
46 82 312
62 58 56
81 83 171
49 31 219
89 1 76
44 55 191
3 5 130
18 59 297
78 13 24
10 41 303
26 98 112
2 78 147
57 58 167
64 78 74
81 28 341
42 38 74
12 77 244
74 97 99
30 75 232
26 35 248
23 12 325
23 72 39
76 26 220
62 47 229
22 65 213
46 29 131
37 62 35
47 11 319
80 91 64
98 24 165
50 36 152
53 73 193
16 48 8
96 91 258
38 67 291
63 54 200
68 26 258
70 60 334
38 84 75
62 38 265
54 73 46
34 31 221
58 94 64
58 71 90
99 18 114
10 19 319
55 96 82
8 88 206
46 58 209
95 84 278
23 89 79
31 78 246
58 46 230
99 2 160
58 11 133
65 75 107
98 34 256
0 16 297
31 56 30
24 14 26
8 86 59
43 46 216
74 91 346
23 51 41
53 51 209
74 24 92
52 87 228
1 20 82
18 6 48
4 76 259
39 82 221
95 30 184
77 85 174
47 72 310
41 85 180
43 77 114
64 31 162
96 67 249
13 6 258
13 29 111
86 72 209
21 60 250
92 92 68
18 45 188
55 67 293
72 20 39
33 40 145
97 23 340
68 17 327
0 88 72
52 25 125
29 17 334
25 55 126
45 53 65
73 61 36
25 27 294
54 56 244
34 62 56
6 38 151
54 55 327
45 97 225
24 9 114
79 83 285
75 82 135
21 78 266
82 91 1
86 93 117
31 72 35
8 48 139
45 78 285
72 95 106
44 51 238
70 64 69
38 80 106
89 92 321
94 90 243
19 11 196
72 6 132
41 14 16
62 40 171
97 47 186
76 97 28
76 55 44
33 98 43
21 63 235
3 70 137
54 46 265
29 28 46
3 77 64
86 92 164
80 90 133
86 96 29
84 12 295
15 53 177
51 2 132
62 49 311
52 17 167
52 80 247
18 84 291
89 74 329
52 75 63
58 65 24
53 61 75
45 58 162
28 14 102
9 84 357
85 62 204
55 85 274
23 69 54
24 98 28
94 12 29
75 59 143
74 52 5
51 98 147
95 45 13
81 58 237
49 3 125
33 13 126
4 14 130
3 69 75
51 13 280
41 76 22
1 1 306
63 58 359
53 14 170
75 83 28
79 97 12
2 87 276
78 74 132
58 18 211
36 37 44
23 49 60
13 53 263
29 33 262
33 50 325
12 1 245
53 84 292
57 90 230
25 24 160
71 90 227
48 47 48
38 33 207
1 61 1
61 67 241
82 6 277
15 19 17
70 64 45
60 2 307
80 17 243
84 9 247
49 59 11
6 45 194
68 42 76
80 18 161
88 8 14
32 86 234
51 81 240
28 31 141
62 37 121
91 76 84
39 90 168
54 79 33
43 38 161
5 65 164
77 50 206
9 81 358
20 41 320
12 13 235
11 75 140
54 40 18
50 2 292
8 66 236
33 68 168
79 51 346
23 39 73
11 57 155
96 31 181
37 77 353
39 19 241
38 67 332
73 87 226
80 69 256
24 46 6
61 4 322
94 93 38
98 86 134
41 68 98
15 27 280
66 80 17
90 3 291
9 80 34
58 99 200
93 60 274
49 53 141
15 53 194
53 65 9
57 94 192
56 31 128
94 71 53
60 6 56
26 67 94
66 67 98
41 81 183
21 95 275
24 53 248
66 3 136
73 68 189
34 30 65
45 6 7
78 8 222
29 68 137
18 23 249
16 52 148
27 55 28
89 65 290
77 48 31
53 72 327
96 4 28
23 90 216
53 75 103
33 99 233
38 71 24
8 17 359
24 46 21
46 8 310
69 55 146
45 26 136
2 95 26
96 16 311
35 20 321
84 66 193
10 71 52
8 65 41
18 23 35
21 43 152
91 41 248
29 51 102
48 21 249
42 40 266
66 84 306
2 38 239
51 35 273
20 47 145
62 20 314
72 9 28
24 91 65
42 70 285
45 16 3
74 81 166
48 7 190
78 1 15
59 44 253
91 1 257
31 1 267
83 14 287
93 86 264
83 84 47
53 58 40
21 60 152
18 55 144
52 36 92
91 20 54
11 16 254
8 24 177
58 24 88
6 24 129
86 12 144
34 17 337
65 44 317
13 93 50
75 23 140
72 52 92
38 34 356
80 50 237
20 39 234
37 17 161
96 28 304
58 74 316
79 26 116
85 96 156
67 79 242
7 64 35
49 12 22
30 10 16
94 33 47
37 69 147
87 26 255
9 50 339
37 51 295
8 99 275
77 26 328
13 95 325
29 52 118
87 20 40
53 43 23
58 74 91
2 85 225
33 57 165
95 70 51
46 90 354
21 4 265
64 97 143
61 10 197
1 30 187
1 32 78
2 41 270
90 58 351
25 50 241
66 49 207
4 23 19
61 43 157
73 20 44
17 35 288
92 54 118
38 16 270
60 77 252
25 51 312
13 0 4
75 14 145
45 87 308
62 98 241
97 20 169
85 47 274
91 35 152
95 79 356
10 40 250
93 27 90
53 30 350
23 89 101
92 1 239
78 85 192
29 1 68
9 26 11
42 45 218
93 45 348
45 40 308
60 41 321
69 24 169
77 76 245
59 82 44
74 99 340
87 32 172
21 20 332
8 82 260
23 32 307
16 25 48
54 88 67
16 21 277
61 12 351
88 0 332
26 19 56
68 37 2
47 41 183
96 75 234
16 15 202
4 43 158
39 88 98
33 5 125
79 16 214
16 23 190
8 0 213
64 19 230
21 3 345
50 17 343
33 5 170
9 85 298
23 90 34
46 1 99
81 29 103
97 23 261
2 62 308
23 94 151
37 96 282
75 64 173
74 68 41
67 43 330
53 58 218
93 97 15
5 14 202
13 55 134
37 71 234
99 17 58
41 58 239
22 72 190
22 46 127
73 75 321
38 81 48
39 21 40
19 98 24
63 46 74
70 93 56
5 79 5
92 8 324
80 53 270
54 67 14
78 94 195
36 98 237
70 8 163
96 73 199
95 26 261
59 30 22
15 58 178
50 69 11
69 61 347
68 62 32
24 44 347
74 54 359
98 65 145
59 49 264
83 47 337
88 19 158
58 68 158
70 43 304
28 82 130
79 64 352
95 51 189
22 43 172
36 2 234
91 83 61
5 57 60
45 66 103
33 70 105
96 36 267
32 99 53
30 40 6
83 95 219
21 87 133
55 82 74
79 31 289
73 13 16
82 71 151
1 26 32
83 99 227
52 80 14
19 26 251
14 61 122
67 25 78
44 91 68
74 18 7
1 21 45
95 14 194
20 46 279
13 33 286
85 87 167
75 85 328
5 93 315
84 48 32
4 44 50
31 69 353
9 55 136
96 41 171
67 84 49
62 24 343
75 50 116
95 27 157
42 91 255
50 52 32
61 66 138
57 39 240
49 33 353
94 80 77
32 91 43
76 78 353
40 45 238
67 74 286
36 10 97
73 86 39
41 77 277
67 40 270
34 55 341
29 8 91
45 39 113
93 19 293
74 69 310
26 52 71
59 14 270
38 33 295
93 69 216
42 13 244
65 78 270
84 87 121
77 69 170
38 87 92
64 5 158
56 26 261
49 89 194
77 57 69
11 11 193
44 27 110
79 58 128
34 20 327
40 54 252
63 5 35
37 49 136
7 13 122
63 96 172
98 0 35
23 30 258
48 74 352
82 28 71
7 85 193
27 91 165
0 94 90
77 27 277
53 53 109
4 63 25
73 31 269
81 90 211
94 53 148
47 50 359
30 84 171
76 47 302
58 45 161
53 65 238
81 73 13
85 23 290
66 37 119
52 96 50
60 80 327
97 55 195
39 54 359
80 99 83
35 28 329
83 64 277
72 62 51
82 57 313
8 1 157
12 34 28
60 55 158
42 74 231
64 90 161
14 91 163
56 86 149
7 36 242
13 98 77
65 23 359
86 45 104
36 84 221
53 78 69
49 24 345
50 58 76
67 70 278
99 92 285
84 35 9
15 12 240
20 73 79
70 9 223
29 41 205
26 22 161
71 47 271
25 59 189
15 61 92
99 21 206
88 71 251
80 99 322
4 92 45
1 57 154
81 49 215
1 2 340
68 24 67
80 30 138
68 75 280
96 14 337
24 57 2
63 15 37
36 27 118
2 99 335
30 29 203
68 70 282
31 94 284
20 84 276
33 54 59
15 34 104
2 68 282
40 73 247
79 17 272
31 46 111
92 84 215
53 74 229
8 66 106
97 93 176
29 50 176
52 71 237
63 63 156
21 74 307
76 50 274
79 70 156
86 82 343
80 86 44
8 27 31
39 13 208
20 53 282
37 29 276
9 9 72
42 71 100
94 79 306
67 13 279
54 16 129
20 64 344
18 74 99
50 9 299
92 32 83
74 45 79
93 83 348
82 36 239
63 86 226
93 22 100
53 69 52
79 43 63
47 79 326
88 62 73
57 75 85
44 51 297
71 98 24
75 94 88
76 48 54
47 1 81
46 11 109
53 95 165
70 44 209
77 14 170
15 33 129
59 16 103
69 31 34
0 4 354
29 97 296
56 89 267
60 43 338
17 90 285
88 30 33
31 43 212
54 58 229
77 87 154
48 30 72
92 22 210
19 26 239
6 86 277
91 91 144
37 60 250
95 47 177
5 21 193
90 86 287
81 0 45
69 98 63
93 74 335
37 24 173
17 52 254
26 74 357
77 83 70
56 42 155
70 93 235
56 99 53
65 42 220
81 20 315
2 2 308
38 39 4
30 20 199
73 1 3
76 19 114
79 44 276
64 49 50
34 28 285
63 91 39
44 26 26
66 73 206
75 23 115
56 0 35
16 49 241
44 44 169
20 85 65
18 61 64
58 89 343
51 83 43
73 11 78
2 1 74
43 55 28
39 19 345
83 47 274
37 55 43
49 84 258
99 62 281
74 29 9
45 47 292
20 82 164
11 12 235
36 84 325
38 32 134
35 62 139
10 58 149
40 79 310
16 54 328
76 80 185
62 88 7
46 6 359
56 66 281
52 20 171
93 58 318
4 89 132
23 79 321
2 16 16
87 86 42
2 54 245
66 85 303
49 77 306
71 11 210
55 96 193
31 94 48
64 9 46
34 59 84
90 20 100
65 84 342
25 89 4
18 79 102
80 46 40
66 30 244
27 33 202
47 98 217
20 11 303
55 87 44
11 76 271
37 35 159
50 38 200
55 4 289
6 46 109
38 19 46
1 91 65
54 42 45
29 60 177
34 92 138
66 85 195
85 59 305
60 22 190
49 46 62
31 88 211
42 74 191
95 22 70
92 41 349
22 60 199
86 76 158
79 80 207
19 28 67
9 61 51
50 75 265
78 41 268
3 38 332
81 22 153
81 89 264
59 50 212
63 38 197
12 69 353
60 45 130
72 17 348
42 78 258
63 42 144
89 74 355
84 56 15
71 79 33
72 85 83
6 99 348
15 14 45
19 2 311
12 25 268
72 72 60
97 39 178
60 73 310
22 43 43
77 59 139
39 16 290
77 76 236
30 58 322
79 50 18
23 70 345
42 21 67
7 99 50
88 52 129
34 69 93
30 25 294
88 12 276
4 52 153
43 26 95
83 52 240
93 20 66
41 53 170
93 97 88
77 3 13
88 19 341
83 93 289
32 58 142
41 47 216
74 6 88
6 30 271
94 86 46
44 63 132
78 36 128
53 95 59
60 44 155
6 50 140
92 86 90
46 22 183
4 96 229
28 73 109
30 24 97
55 93 334
33 45 58
23 83 298
45 95 267
70 50 107
95 21 78
49 58 303
97 39 211
91 96 134
94 48 242
58 96 189
88 86 20
38 21 16
75 16 44
25 54 55
48 21 277
76 53 159
7 76 107
87 48 256
17 74 49
38 31 226
22 92 231
85 59 107
32 67 12
69 9 269
60 69 130
70 24 82
0 68 50
27 74 101
91 84 266
84 63 94
3 40 48
54 91 93
6 37 298
99 57 45
51 79 251
7 96 144
72 59 166
41 7 309
38 45 129
31 32 6
54 84 264
51 9 70
31 20 360
80 14 116
11 6 292
77 43 93
33 85 133
0 91 270
30 49 228
35 85 294
37 88 204
65 2 287
8 63 237
79 90 224
51 77 361
71 54 42
49 20 272
36 98 327
81 86 83
99 85 303
43 38 143
70 58 359
76 73 74
65 16 279
56 97 219
13 30 55
36 58 245
79 78 252
36 56 153
1 18 282
25 10 57
3 57 86
48 30 326
34 91 233
18 42 270
26 70 201
99 83 166
33 56 71
12 52 251
45 85 315
98 0 162
38 33 291
31 55 247
23 23 231
69 31 276
6 71 254
89 72 117
91 14 59
6 27 142
79 43 321
42 73 210
19 33 69
41 77 331
37 84 356
54 57 134
99 74 220
14 70 275
96 30 208
95 51 178
50 70 261
31 54 206
12 28 16
75 87 16
59 25 150
38 44 219
69 79 345
76 75 303
79 2 276
50 28 312
74 54 339
28 76 290
32 99 90
13 92 113
75 73 320
64 12 67
59 58 42
31 39 234
35 79 87
76 19 265
7 1 33
83 64 263
22 64 1
58 76 305
48 4 165
75 14 207
51 95 223
30 31 168
45 84 99
16 25 225
79 21 235
56 88 130
21 41 304
92 24 132
48 79 319
26 96 238
61 74 169
93 39 316
17 49 294
23 48 184
95 44 128
59 64 15
53 40 274
52 97 53
44 30 148
73 20 89
76 93 211
95 93 70
67 25 330
18 39 326
71 90 296
5 14 152
58 82 259
49 91 70
80 87 322
19 62 169
51 6 285
37 65 82
73 28 199
13 21 160
62 31 63
44 93 139
5 48 40
15 30 277
43 28 41
40 78 103
56 18 11
25 37 215
48 83 115
50 67 262
23 12 302
49 99 197
72 73 61
61 82 85
55 30 246
31 9 353
56 9 44
91 93 271
4 15 158
62 93 162
81 91 319
74 12 229
68 60 209
48 26 118
42 85 2
0 76 4
71 98 17
88 15 204
42 45 146
91 75 31
91 25 35
32 89 149
44 55 94
52 75 271
72 92 183
14 65 135
62 92 65
76 96 135
83 98 84
21 67 9
64 83 126
7 57 268
23 51 61
76 43 207
34 68 150
53 53 300
82 76 236
79 82 147
29 11 136
76 48 164
48 2 300
87 78 113
52 37 89
78 78 112
48 7 177
63 91 173
63 61 107
69 32 339
20 9 317
4 56 360
6 7 101
71 5 53
42 98 27
58 15 24
15 15 75
48 59 333
74 60 165
8 19 177
36 30 236
46 95 290
76 70 60
15 90 22
7 90 104
92 50 146
37 40 322
49 42 106
85 52 361
2 84 246
6 4 343
69 87 204
99 10 248
39 51 299
90 85 198
49 88 37
92 50 22
92 23 162
73 26 272
35 88 284
65 27 270
94 36 190
14 74 117
97 55 47
70 0 357
49 45 281
84 75 231
99 49 348
12 78 260
56 88 165
69 85 122
78 41 229
74 81 196
18 12 4
15 73 68
25 10 147
40 4 27
66 83 221
81 3 266
3 41 53
74 79 262
14 65 123
45 0 120
74 70 147
29 46 83
65 38 192
80 68 166
65 88 81
99 81 167
2 20 193
29 11 287
95 59 311
15 54 170
99 68 118
64 28 195
44 71 289
51 6 64
33 86 352
60 67 228
22 97 81
87 93 141
33 59 159
51 78 316
30 9 230
51 79 67
20 41 300
38 8 168
10 3 256
27 21 57
11 72 346
60 61 214
65 3 335
18 88 337
97 65 253
4 10 154
0 30 232
60 36 116
2 38 295
74 58 333
48 18 231
48 32 62
94 70 282
74 8 144
84 18 127
76 43 321
19 26 204
18 81 42
45 78 340
39 98 68
40 20 281
13 35 320
44 79 30
99 86 236
79 62 192
50 74 71
35 1 295
46 2 73
91 70 71
89 22 345
1 51 81
33 13 278
45 41 73
84 20 116
22 9 305
40 10 356
78 13 201
45 92 310
73 51 109
24 97 260
26 32 205
94 70 116
74 80 47
63 8 281
17 24 44
83 71 154
92 95 90
18 47 288
46 59 293
71 29 125
39 23 161
76 56 122
92 97 117
88 66 13
41 18 296
31 44 115
80 46 124
29 31 278
66 97 266
53 75 353
94 82 306
57 68 280
91 87 67
38 25 236
21 56 173
71 38 133
30 64 184
64 45 68
19 26 202
18 77 220
16 31 147
54 19 94
18 6 150
46 62 115
14 26 325
56 96 102
87 45 7
57 62 244
41 74 264
29 79 227
19 82 38
34 26 19
30 66 244
60 54 112
87 5 37
90 52 117
38 2 208
86 16 65
64 39 246
14 32 291
67 41 361
18 61 58
48 51 215
45 80 143
40 11 168
26 38 268
58 4 265
63 44 240
94 60 138
27 85 209
86 27 38
26 84 47
78 65 112
57 43 115
13 27 166
53 32 92
88 98 350
47 20 154
76 36 202
44 39 119
42 74 360
65 66 152
31 9 21
1 76 172
62 58 69
46 49 86
99 19 300
29 88 315
12 77 199
18 0 81
84 81 42
19 34 201
21 31 234
47 5 242
15 1 222
20 16 87
38 18 344
86 43 108
51 67 312
27 28 131
83 50 53
47 13 43
10 8 218
44 44 242
61 35 43
85 88 225
68 19 29
55 61 86
78 48 329
51 5 96
39 6 111
10 95 193
1 6 214
90 85 2
81 62 152
66 71 247
8 93 59
73 33 321
54 64 185
19 54 347
79 12 29
36 55 324
4 20 152
8 17 19
55 78 210
42 75 267
1 64 94
0 27 39
71 85 83
81 88 4
18 52 34
86 83 300
12 78 190
2 44 286
9 85 244
74 81 130
89 41 285
66 87 317
4 69 128
21 11 144
64 20 140
45 30 195
33 16 173
24 85 210
93 86 275
67 54 319
50 4 235
47 64 21
95 6 354
85 95 186
21 45 53
60 31 285
89 95 28
46 96 350
27 16 119
46 88 280
36 82 214
4 48 168
30 1 339
24 85 357
56 82 345
38 36 196
18 18 30
17 29 172
69 17 19
80 45 24
6 93 279
61 99 194
80 47 114
38 74 264
54 14 204
30 60 302
21 16 360
1 88 105
67 56 316
0 4 76
86 25 105
27 0 121
13 45 328
61 87 115
51 41 191
88 44 306
95 1 219
84 96 81
3 7 131
67 9 174
19 6 66
90 80 262
9 84 155
68 93 137
13 18 182
49 38 265
84 41 195
5 94 19
17 47 83
86 73 310
3 68 95
26 93 104
95 79 243
35 22 287
63 69 206
41 76 204
97 76 115
58 14 263
33 15 347
5 33 96
46 95 38
46 52 188
38 66 128
99 77 75
73 72 24
93 89 218
91 62 254
84 34 264
90 19 61
78 51 14
93 16 141
82 56 98
70 87 315
70 6 166
28 36 161
5 9 198
96 44 246
42 33 28
15 40 198
18 49 56
19 21 260
53 62 221
56 63 309
60 18 159
9 30 152
19 48 98
89 66 96
6 54 229
97 74 266
38 34 42
74 85 39
35 34 207
51 69 221
72 48 358
38 4 313
17 72 336
46 54 62
31 40 37
19 43 203
57 61 325
19 69 71
66 32 49
5 55 295
61 98 205
64 54 247
10 6 184
23 42 110
52 43 250
15 15 16
94 56 194
95 53 137
48 84 304
41 41 288
9 70 238
63 28 95
5 78 293
41 99 53
61 52 251
97 91 193
11 55 8
18 78 101
30 46 317
6 38 243
27 13 50
4 46 343
7 38 47
27 53 306
77 51 81
52 68 319
90 40 265
68 89 254
30 60 150
89 8 184
80 49 96
56 26 172
27 2 70
74 47 163
36 58 273
63 19 95
14 79 288
10 7 5
21 40 246
19 16 243
55 96 314
61 50 267
84 72 82
83 59 66
75 23 23
64 77 121
39 4 233
69 34 242
32 12 334
61 44 228
58 80 128
39 86 154
99 1 137
76 21 319
72 41 77
51 96 99
86 0 13
64 3 137
96 98 134
62 48 121
69 64 77
82 97 320
78 12 260
94 78 85
88 75 300
65 71 203
23 71 80
54 30 183
92 1 285
59 77 142
2 95 82
18 51 361
17 85 34
2 1 27
88 62 61
13 47 200
72 87 62
97 46 345
80 32 203
39 23 162
51 46 287
60 91 75
57 72 65
12 38 224
70 67 257
78 90 273
63 2 241
7 77 343
52 99 55
66 84 89
68 22 48
16 47 186
66 79 122
52 92 86
61 82 193
86 13 73
8 80 315
40 11 122
41 47 282
38 37 26
78 20 251
69 63 339
94 10 198
96 15 101
69 68 95
1 28 185
28 52 30
24 18 164
48 73 281
77 85 17
53 4 361
93 24 227
78 28 279
7 58 273
88 3 278
37 98 79
30 66 97
95 59 225
93 71 192
15 84 315
70 99 16
60 72 301
52 66 77
48 18 36
64 7 107
5 46 343
32 7 238
72 68 303
56 73 132
70 26 82
21 29 113
22 27 288
87 89 302
84 83 173
83 65 4
78 0 169
20 41 283
98 64 36
45 11 265
82 29 168
79 68 159
83 66 65
88 59 220
21 95 15
13 41 360
44 7 197
70 10 355
58 2 361
3 63 154
99 24 256
39 96 200
81 67 220
42 28 149
89 85 210
62 2 275
41 51 318
68 92 18
98 83 309
47 94 228
53 31 163
86 25 184
82 35 132
35 8 271
7 51 324
48 71 194
52 94 15
22 20 249
23 61 361
74 74 328
22 51 35
40 97 100
90 74 346
95 43 96
49 90 129
57 48 128
67 42 301
27 92 78
67 98 239
70 17 169
82 56 333
66 80 214
16 91 226
50 43 148
93 50 60
2 94 339
9 0 297
64 41 116
10 38 146
86 12 63
18 90 151
25 52 81
36 21 194
93 71 102
32 86 357
92 26 216
48 46 196
26 98 310
11 50 197
94 19 336
38 1 170
33 62 332
96 16 28
14 16 278
16 42 299
28 87 159
43 16 287
77 28 176
18 23 122
89 36 87
11 15 324
11 51 68
15 17 120
63 10 268
59 69 317
65 22 180
97 83 318
72 32 264
75 67 201
71 79 113
24 45 360
61 97 233
84 69 188
39 79 215
11 8 193
4 37 215
22 16 61
41 31 120
17 67 19
24 83 307
29 22 183
65 71 113
63 68 30
7 96 270
31 24 274
96 81 185
43 94 62
16 31 59
34 38 50
94 68 267
3 60 15
1 44 262
42 72 266
44 76 219
78 70 178
69 63 92
21 97 55
81 50 323
19 75 285
21 34 361
75 10 252
86 97 25
26 65 169
43 88 282
25 20 161
59 21 152
1 1 160
46 95 206
18 84 155
4 32 92
99 95 48
93 29 293
66 20 104
67 34 152
54 23 127
96 98 199
46 98 14
91 1 236
6 89 145
21 98 164
17 47 210
71 5 97
29 0 87
90 80 287
30 49 343
38 2 24
26 56 330
52 69 180
38 51 328
40 12 317
57 79 12
56 26 156
79 42 107
42 79 334
13 12 7
40 23 294
84 79 190
93 66 184
30 67 294
45 94 141
4 14 246
1 8 96
78 63 244
32 80 33
93 68 136
69 86 13
36 21 199
87 76 271
78 27 275
7 59 227
44 19 113
8 45 139
31 39 137
64 16 295
19 74 275
4 33 354
29 28 96
27 27 300
42 83 4
83 21 251
2 75 264
65 66 220
24 56 266
14 36 274
38 58 81
4 92 307
17 91 297
10 72 225
97 79 329
71 22 150
62 27 233
7 30 76
37 99 8
16 8 21
72 54 232
3 73 321
26 88 79
70 5 49
59 53 153
25 38 12
11 30 261
11 32 315
49 9 208
35 40 66
38 16 108
4 33 238
93 16 131
59 48 6
39 52 240
76 48 112
44 98 203
50 74 198
55 2 354
12 38 137
58 85 331
92 96 18
96 52 307
68 77 52
36 3 295
36 85 36
96 78 16
23 25 192
69 78 222
26 79 245
42 11 318
50 12 86
51 25 181
20 39 210
20 36 22
89 18 113
14 2 233
93 29 286
4 12 134
57 92 129
22 16 63
2 15 265
91 33 167
57 81 259
53 78 81
97 12 336
74 79 268
14 96 344
54 43 186
12 81 53
26 99 85
74 66 6
85 58 313
71 49 71
49 5 59
6 4 238
76 36 63
42 0 243
91 9 96
5 23 67
64 89 85
72 71 189
0 79 361
13 85 318
99 89 266
66 98 29
85 44 121
78 74 4
66 74 188
63 30 196
31 71 270
47 53 150
29 98 108
20 66 355
60 26 36
8 58 175
13 1 36
99 45 5
8 72 255
74 52 119
91 62 206
59 88 228
48 90 361
95 37 315
51 18 207
84 80 45
26 0 326
27 41 43
38 87 351
92 63 163
72 86 33
23 5 70
60 30 129
11 39 262
86 78 283
10 88 358
69 28 329
79 2 249
50 20 35
24 86 53
35 24 174
68 75 285
17 10 54
63 0 131
68 74 60
28 29 264
54 97 261
7 30 51
18 81 209
95 44 28
40 65 155
7 85 316
25 6 41
20 60 49
24 14 78
45 67 336
0 82 225
75 50 69
7 10 42
73 85 336
17 65 196
24 99 196
92 39 233
96 95 160
5 77 203
8 92 282
97 72 172
61 82 152
74 78 298
67 77 359
55 46 352
83 83 214
99 69 283
38 32 304
1 90 2
32 55 157
26 60 102
32 93 116
1 82 71
41 84 151
25 95 352
38 31 208
22 83 48
1 65 294
45 74 339
66 79 179
71 63 18
0 75 196
30 12 36
99 69 110
66 10 266
34 4 32
46 34 12
73 8 356
71 15 274
23 92 335
27 35 342
51 71 190
22 80 251
15 85 248
75 23 74
93 9 97
96 39 60
92 43 6
48 98 359
54 1 38
82 82 173
63 39 183
57 4 236
1 99 258
13 65 83
78 76 259
67 26 129
82 50 13
15 31 56
70 6 278
1 64 113
67 55 82
8 47 169
81 3 93
86 64 9
17 56 85
61 60 217
0 46 224
52 31 230
33 4 313
78 89 80
88 85 287
68 53 274
65 36 26
10 92 295
96 36 77
5 74 174
82 32 326
85 13 351
24 41 215
52 52 260
66 81 108
91 77 110
14 62 47
45 78 155
76 72 176
22 83 280
26 52 340
75 40 74
8 74 121
2 30 114
58 76 193
50 54 302
39 24 98
26 38 32
99 25 100
41 85 273
33 42 237
28 15 163
25 57 24
57 22 9
98 77 11
39 47 253
64 96 312
24 49 158
49 24 105
83 3 251
53 98 190
90 59 50
8 58 124
77 95 127
16 60 29
85 23 34
41 46 62
52 80 119
32 5 131
90 85 182
37 41 66
96 77 301
70 63 215
90 58 65
64 63 113
34 37 138
4 39 188
81 94 228
55 56 9
6 49 305
68 11 7
5 96 332
25 68 134
43 11 147
38 66 195
91 41 171
42 4 353
17 94 293
67 15 55
71 30 184
98 42 147
39 6 91
31 69 305
1 88 35
4 6 24
5 50 12
39 32 264
64 12 182
62 96 50
70 69 103
26 44 324
76 14 192
85 90 210
22 31 61
24 43 212
29 98 196
53 23 70
35 96 47
22 72 142
48 30 122
37 38 37
11 92 324
10 72 107
24 15 120
14 16 92
76 66 150
59 76 292
52 61 67
93 82 141
19 17 309
97 57 313
2 23 325
49 34 59
0 99 140
44 44 223
7 33 257
35 85 19
78 57 231
43 40 223
46 4 36
55 13 142
5 38 106
12 56 1
65 17 331
87 95 136
80 55 163
54 89 109
40 97 253
34 22 133
29 87 183
51 6 137
70 35 158
13 86 152
30 61 128
31 58 218
12 71 160
31 40 146
16 66 62
63 25 343
70 49 100
31 7 289
80 70 260
32 4 145
45 93 25
18 83 24
59 49 275
88 72 169
66 90 285
13 59 106
97 91 135
44 39 279
31 3 188
84 96 352
72 2 204
89 62 267
75 30 76
22 96 257
66 66 99
27 5 143
11 99 129
66 9 357
40 97 140
9 38 265
46 79 139
58 21 2
99 99 99
4 47 10
70 54 274
25 27 360
93 65 1
53 58 13
33 52 357
79 76 324
72 35 155
13 82 295
96 81 211
52 82 80
65 69 326
32 65 32
4 51 73
67 76 296
28 67 253
85 54 261
28 90 150
56 2 101
26 91 310
84 67 5
75 13 173
4 55 52
25 1 223
26 42 302
73 45 298
72 85 327
4 89 154
22 78 329
45 93 18
97 71 35
64 98 165
3 79 96
32 58 283
58 64 127
59 68 83
72 59 139
0 71 209
34 37 3
87 85 311
79 13 111
34 27 190
75 42 83
5 60 66
64 13 193
37 51 202
55 87 269
93 73 220
41 88 316
32 36 62
3 54 201
79 95 48
36 26 323
72 40 35
3 47 172
27 32 74
84 8 241
55 5 344
45 77 153
57 2 187
63 66 320
96 88 361
99 43 3
37 73 179
50 84 91
10 61 350
54 31 250
75 27 189
36 0 314
88 64 140
75 58 63
42 30 46
93 5 57
45 13 109
55 73 253
31 58 46
9 43 166
87 34 160
30 4 294
16 77 317
91 7 94
58 40 163
72 71 300
98 13 338
47 7 276
21 5 175
32 36 3
41 20 98
94 69 11
26 22 59
66 68 148
37 36 121
53 9 60
59 60 27
21 23 96
78 70 237
22 50 325
58 97 55
29 95 50
61 24 250
99 49 269
45 31 224
13 49 154
71 69 36
18 19 247
29 87 118
55 1 293
77 48 210
7 79 281
33 93 256
52 73 2
93 27 320
45 33 53
86 16 334
94 61 290
32 45 4
63 88 269
5 79 104
49 86 241
67 60 85
38 22 329
96 4 59
77 29 80
59 77 179
78 6 353
6 46 282
53 40 186
78 53 360
65 98 168
30 63 5
69 39 137
42 65 171
33 92 204
83 39 111
30 0 241
27 17 224
84 70 244
27 9 29
14 49 173
26 84 77
60 57 89
59 29 131
54 79 221
15 7 167
32 24 12
67 14 290
56 25 69
26 87 229
34 40 339
62 82 182
13 59 192
64 71 288
83 63 48
8 17 265
56 4 346
5 10 286
76 85 42
64 73 6
10 60 246
68 20 114
60 80 9
73 22 9
3 86 204
59 56 285
58 21 225
20 24 348
46 73 254
74 44 309
7 11 290
14 82 17
8 65 212
68 76 317
33 33 170
37 77 178
43 56 139
10 4 97
40 50 169
35 88 218
56 34 17
61 67 57
1 56 348
73 6 11
61 41 92
30 81 338
2 20 30
75 31 67
47 4 205
88 58 14
30 27 356
80 56 217
22 47 337
28 2 122
8 95 193
1 37 151
13 64 328
82 0 351
67 33 166
66 25 152
82 8 337
91 88 108
0 43 196
27 1 15
39 14 294
1 85 115
37 51 305
8 60 279
71 42 54
47 25 73
23 62 94
83 90 242
62 20 188
83 94 105
52 53 107
86 51 68
33 62 321
78 43 115
66 85 245
22 71 332
3 40 93
31 19 6
30 8 115
53 87 43
77 47 317
20 87 264
64 30 21
4 4 229
40 59 177
85 68 168
14 88 325
21 10 138
50 85 67
63 78 349
25 14 22
48 88 145
4 7 194
27 79 259
55 2 327
97 7 11
35 28 176
46 19 134
57 62 200
47 20 344
51 31 206
53 38 218
18 32 328
21 22 235
23 45 213
70 62 223
53 8 23
70 12 232
71 80 276
19 37 7
49 15 15
73 74 213
58 47 199
24 32 137
87 5 202
47 18 289
32 8 277
19 94 177
93 86 65
17 25 48
37 0 61
89 32 81
51 43 219
27 43 204
1 99 116
96 1 216
54 38 226
25 96 140
39 65 326
64 59 21
64 50 89
49 0 193
53 5 55
86 29 267
37 5 256
99 23 124
79 39 262
44 47 87
28 98 206
16 86 244
92 42 338
64 51 168
84 98 310
38 76 164
30 55 243
99 97 165
37 58 298
96 29 251
85 93 107
49 46 73
77 2 207
74 32 353
22 96 38
71 66 285
50 33 319
64 84 188
5 33 171
36 99 208
43 88 48
58 65 166
95 54 9
80 22 92
80 92 103
49 3 154
76 4 127
26 82 313
45 77 100
49 23 276
23 92 318
97 69 354
50 76 137
64 30 337
54 0 57
49 91 59
7 84 353
78 75 129
31 50 237
39 62 275
95 31 4
32 39 263
24 60 57
98 14 289
53 39 41
2 80 303
79 10 355
25 78 138
92 6 332
21 6 237
79 39 76
36 67 163
10 19 117
49 45 44
86 92 117
54 31 78
4 51 119
62 1 33
34 77 350
88 44 305
50 7 151
49 21 90
30 2 89
65 49 16
41 38 163
50 49 356
46 39 36
78 54 224
91 27 190
48 60 102
1 57 331
64 77 316
29 88 106
7 89 147
82 44 214
39 82 45
16 38 303
11 57 204
15 73 348
68 38 200
83 30 328
1 19 166
70 83 316
16 48 55
10 3 347
17 66 128
58 18 311
93 95 199
75 39 96
79 80 89
54 70 31
49 71 219
24 4 358
40 73 252
11 8 329
52 52 14
83 77 64
18 19 289
75 19 110
8 19 354
34 25 52
39 39 166
21 95 329
3 89 206
73 40 44
68 84 302
12 27 119
5 14 77
58 6 39
69 74 154
0 24 157
31 60 53
0 67 197
54 10 223
22 80 276
48 45 9
34 32 229
27 78 227
86 94 193
79 11 126
39 46 32
49 62 147
99 70 18
4 14 100
83 22 205
72 22 77
70 65 200
69 12 116
78 3 102
92 97 204
76 85 42
94 47 20
67 70 86
50 58 230
94 43 177
8 97 9
65 4 218
36 8 247
6 87 55
48 21 121
10 4 158
71 41 108
26 81 71
48 82 346
78 16 133
53 92 354
84 46 6
63 99 351
22 33 71
99 47 139
61 98 128
15 68 307
45 74 236
72 99 249
52 6 164
70 53 184
83 84 130
23 97 72
65 50 2
6 57 105
40 32 164
89 84 63
93 86 146
99 18 339
57 69 160
83 66 44
30 81 354
61 93 111
93 63 180
54 76 67
42 90 51
8 46 5
92 48 156
56 62 14
58 29 112
71 15 6
77 70 205
89 66 332
37 17 32
9 71 341
60 31 33
14 71 23
56 53 91
28 6 47
25 54 281
53 80 130
23 65 200
56 26 193
0 94 351
57 10 143
27 60 87
24 74 26
42 69 77
42 90 296
50 46 243
34 51 268
93 88 259
97 64 65
72 55 203
20 31 241
94 66 114
75 84 229
32 77 50
35 29 177
9 74 82
28 26 200
18 54 27
54 10 17
14 76 284
47 71 201
7 8 114
0 95 95
27 21 47
62 66 77
6 60 319
90 75 124
9 70 80
62 93 235
23 79 231
78 9 163
35 93 165
49 12 128
0 33 87
81 64 45
3 58 191
58 46 86
85 39 345
57 70 326
69 80 236
83 16 78
30 13 145
47 68 31
71 28 11
39 85 316
10 82 328
22 93 71
48 15 360
33 24 22
57 1 236
72 95 214
74 4 148
95 56 130
5 44 23
10 32 114
20 78 64
80 74 51
76 73 354
1 63 357
20 63 6
57 21 114
56 24 314
45 98 80
97 96 52
46 67 313
34 71 88
71 46 89
25 31 240
79 23 20
90 17 25
96 43 220
45 29 156
3 44 106
55 59 24
78 50 225
59 61 331
78 67 113
13 49 191
94 0 238
34 43 9
38 52 15
64 83 310
12 28 104
79 16 311
50 28 235
51 20 341
61 93 27
23 80 101
29 41 240
40 77 249
79 15 254
6 48 244
14 80 159
75 88 27
87 30 325
7 73 287
3 71 289
92 78 334
3 47 180
70 19 277
91 6 281
99 38 248
40 68 295
15 76 353
42 73 170
21 86 254
83 66 23
2 18 359
9 62 328
7 90 166
99 36 152
79 20 289
63 47 137
58 5 198
82 15 291
44 59 128
65 32 162
23 42 223
53 67 352
68 70 251
62 13 145
40 10 165
21 10 44
52 98 269
22 88 12
62 51 359
52 19 210
91 11 201
50 85 336
19 98 334
88 37 193
91 68 250
28 56 332
92 57 272
52 40 128
43 64 276
37 70 155
50 28 172
59 36 117
95 65 208
63 50 251
99 28 304
64 68 144
92 15 249
19 3 73
18 40 76
6 49 342
85 36 236
90 1 84
87 94 248
95 20 234
33 29 138
38 6 50
70 81 331
73 52 80
27 56 85
79 90 298
65 38 174
47 21 204
86 23 72
35 34 55
23 84 112
72 60 306
98 8 205
23 43 268
42 9 260
42 57 230
11 67 300
4 33 345
32 84 287
12 81 57
20 53 163
96 99 107
99 88 174
46 28 82
81 33 233
95 28 323
4 28 54
42 17 146
18 16 119
52 40 19
64 85 62
70 92 353
28 89 137
22 0 274
27 37 114
63 5 273
12 6 149
59 5 311
69 79 64
54 16 95
33 33 63
96 97 248
17 44 149
73 1 149
83 36 212
60 67 46
74 55 46
74 8 175
34 36 158
51 67 254
6 64 286
81 20 236
57 40 57
37 95 336
69 74 27
54 63 33
19 6 167
52 73 299
7 17 305
67 19 245
7 23 354
12 81 195
66 22 18
3 67 14
21 56 231
26 94 92
96 29 338
46 39 68
67 69 160
77 25 121
14 41 42
77 28 106
94 11 348
16 73 251
66 34 202
64 51 93
73 49 206
68 33 33
83 24 361
28 5 185
85 25 332
90 17 287
28 9 209
45 50 358
86 93 318
19 13 157
19 90 32
64 15 180
0 0 35
71 4 94
86 34 344
99 65 242
6 53 346
38 70 104
72 68 145
67 49 125
60 74 277
44 89 99
98 22 18
14 28 240
70 67 151
22 40 56
52 77 293
77 46 126
43 89 81
96 41 305
8 25 75
59 12 154
55 84 259
14 35 147
46 17 215
89 91 234
91 43 74
25 88 267
94 33 282
69 50 6
64 53 169
46 77 291
94 49 328
0 77 198
54 81 194
3 55 339
51 97 157
88 75 143
48 78 31
57 27 39
76 21 224
88 0 355
23 99 72
28 42 279
71 3 324
19 58 195
6 9 83
99 27 293
52 35 105
27 95 82
90 15 91
21 90 118
76 13 348
51 97 315
9 22 52
49 86 315
95 4 347
0 95 80
38 76 188
55 13 53
58 34 298
40 77 29
97 74 18
44 56 254
99 26 233
15 64 62
62 94 253
71 7 322
17 48 124
33 62 149
27 80 305
23 33 243
72 72 75
90 88 22
66 18 110
49 37 71
18 39 64
55 84 331
18 38 294
24 41 342
39 89 207
63 8 231
75 98 79
41 45 286
83 7 4
46 67 268
32 90 228
40 49 253
3 83 307
44 67 62
44 43 277
39 19 281
5 33 180
40 77 239
76 22 279
48 57 182
25 4 61
38 67 300
25 10 331
79 62 328
10 45 275
73 21 129
28 63 203
63 99 11
16 1 241
40 98 9
8 64 326
10 28 272
85 28 200
59 96 265
13 4 91
41 90 77
86 34 50
57 41 73
94 88 268
40 66 271
23 60 150
53 67 209
63 24 40
61 25 196
6 39 161
82 48 305
40 18 22
79 36 148
17 80 107
4 90 106
21 60 56
71 48 119
12 52 307
13 25 75
30 79 155
72 42 79
44 57 130
10 93 67
54 1 35
40 57 183
15 39 344
26 58 113
3 95 262
37 5 89
7 3 250
70 39 322
34 8 88
83 3 315
37 94 293
73 92 63
2 45 81
24 38 327
28 73 301
67 2 338
92 35 149
72 36 228
51 59 154
19 33 318
29 84 348
73 4 2
87 83 6
20 73 90
86 80 198
13 79 211
4 4 184
11 74 127
74 52 173
0 70 307
49 28 47
98 40 193
94 67 179
92 26 173
2 66 5
43 17 313
59 56 102
22 26 346
80 24 112
1 38 322
76 55 159
59 82 236
89 1 229
55 64 145
37 46 188
2 37 330
40 45 43
10 6 326
83 39 260
53 69 203
84 45 316
35 64 256
42 61 323
75 22 258
40 16 46
17 14 196
62 28 75
46 37 184
50 74 23
38 17 291
84 10 145
38 92 69
75 42 264
65 95 281
95 94 51
93 14 190
37 84 338
13 42 357
35 8 240
51 76 51
8 28 268
79 78 196
79 91 50
88 57 128
93 88 66
3 36 1
29 80 139
80 87 43
42 2 114
69 50 11
71 85 102
28 15 73
51 87 178
41 12 53
72 57 68
30 97 61
93 38 155
84 67 247
52 73 177
47 91 79
96 62 139
0 72 76
96 62 115
4 78 85
37 57 5
6 21 77
66 12 324
83 88 171
90 25 48
5 76 8
88 43 283
77 90 187
76 69 195
90 89 64
57 43 302
50 4 256
25 45 304
66 71 91
33 82 85
43 90 251
99 63 202
82 50 68
78 47 314
39 61 79
49 37 245
93 95 206
17 98 135
22 37 227
19 93 160
88 75 267
42 73 235
99 82 275
21 4 317
81 39 311
29 52 303
36 51 9
42 38 57
5 45 337
95 27 265
26 72 286
53 26 53
92 2 154
3 61 186
75 1 143
89 10 206
95 87 330
10 40 57
93 87 5
71 98 196
36 27 79
34 50 253
61 55 268
68 89 125
29 8 288
0 16 160
23 85 273
88 31 326
41 82 76
87 79 27
83 38 147
60 29 40
18 15 63
38 80 276
43 92 243
60 10 86
71 42 280
13 28 122
70 10 281
62 59 352
27 10 303
95 70 126
32 31 325
31 45 185
14 75 237
65 40 101
55 60 299
42 5 53
53 20 160
69 48 232
55 59 351
85 46 162
53 27 212
86 7 177
78 87 305
9 65 263
71 58 5
15 52 213
27 4 257
2 29 344
28 35 11
27 95 53
28 18 51
39 91 84
29 29 355
11 42 92
4 64 196
78 41 343
5 0 246
24 27 100
71 74 77
79 9 304
41 84 120
59 87 97
10 66 300
68 45 81
72 57 147
21 59 200
45 70 123
61 37 250
10 66 318
24 78 321
37 73 128
58 18 35
11 10 85
24 46 16
25 89 189
65 75 319
88 41 105
60 46 64
24 24 64
70 89 174
27 34 259
5 95 154
47 52 129
17 31 72
12 85 209
92 52 190
56 4 22
28 88 347
57 64 193
63 22 26
69 23 202
80 62 288
16 0 51
53 8 337
90 5 282
47 15 94
24 26 259
80 23 287
33 97 264
71 50 137
98 41 39
85 6 204
94 65 304
60 99 186
80 43 10
6 13 178
15 13 65
48 1 210
71 80 311
34 32 274
82 37 173
87 64 143
35 43 87
13 11 258
17 39 315
52 99 171
59 11 6
87 86 87
69 22 39
60 73 30
39 85 344
40 81 9
50 58 279
30 56 95
42 54 301
7 43 109
62 1 14
22 63 255
24 81 142
1 33 111
91 2 152
30 24 125
0 57 67
27 69 286
82 49 247
95 66 278
22 31 112
28 82 154
63 31 345
90 15 21
12 2 230
65 9 75
18 25 129
47 36 210
87 56 197
30 11 142
80 80 179
9 48 129
69 73 344
41 86 241
98 69 112
16 63 214
62 47 63
18 89 282
44 56 149
82 24 330
24 27 169
51 66 140
96 25 285
34 43 348
54 23 111
25 64 183
39 38 325
97 54 320
27 91 104
65 77 132
18 75 208
29 93 179
27 70 237
67 63 343
87 51 10
5 0 276
42 39 6
0 21 34
11 20 282
72 63 166
47 87 296
8 35 85
36 95 200
62 17 186
29 15 333
14 44 243
46 7 226
73 6 195
95 37 344
41 84 315
74 49 271
79 49 76
12 69 335
48 29 125
78 74 113
50 55 185
1 34 11
94 85 57
7 74 257
66 69 64
58 5 244
19 98 138
90 3 105
31 72 312
41 5 115
5 0 196
37 53 311
12 61 188
77 85 33
69 40 107
6 51 319
58 81 314
8 38 309
12 46 323
2 30 267
53 32 278
49 46 141
16 18 296
69 71 152
69 71 97
89 72 336
33 54 282
5 93 194
86 66 18
89 6 144
72 52 184
24 61 9
89 78 289
27 27 112
7 90 354
31 83 187
28 60 11
89 68 72
8 53 248
93 37 215
82 1 185
18 34 327
75 6 80
3 76 326
66 67 206
7 41 277
66 10 130
67 60 192
60 0 285
71 11 14
81 62 204
91 21 271
43 83 246
73 94 27
48 52 27
66 70 197
87 20 229
5 67 3
86 48 22
47 67 353
11 81 27
0 9 180
82 54 331
7 28 343
74 78 241
83 5 324
70 66 81
42 58 261
3 39 57
55 41 302
21 91 252
8 84 314
4 86 338
60 8 283
87 90 185
53 18 70
54 76 7
85 98 112
1 94 30
27 12 6
2 63 139
33 3 143
54 13 113
47 48 104
18 22 138
33 1 32
2 38 226
0 80 337
14 80 156
93 64 56
9 53 10
61 55 141
61 47 46
51 85 216
40 61 304
67 44 9
63 49 323
21 79 86
80 73 238
0 96 62
2 9 163
49 65 281
36 76 42
4 66 12
58 11 305
85 88 256
75 15 256
41 86 166
4 5 61
77 19 283
75 78 308
86 53 137
20 3 320
54 34 96
3 76 211
9 29 298
84 29 62
89 88 118
70 70 117
6 71 68
59 46 197
89 91 79
69 75 172
19 64 24
90 51 128
29 35 279
27 39 290
35 22 288
16 29 107
43 97 175
5 71 170
13 98 150
59 77 286
21 94 191
9 48 349
91 50 67
50 19 343
72 90 57
34 48 337
56 65 38
50 69 93
95 60 327
23 85 73
6 79 316
32 58 296
34 67 22
40 27 145
32 25 263
26 9 149
9 59 243
8 41 84
33 28 246
49 86 100
58 93 66
92 94 347
67 21 292
71 57 155
1 25 334
6 25 203
34 13 11
36 43 334
54 40 137
1 40 221
1 45 10
81 58 317
78 49 206
99 95 187
86 49 191
18 68 262
51 90 328
68 50 184
44 40 245
13 70 26
0 86 294
77 42 46
48 50 14
46 83 10
67 62 226
33 77 263
25 72 61
50 53 59
35 78 169
17 41 282
73 12 232
82 74 148
47 88 152
66 23 44
45 6 242
68 66 165
45 33 207
72 72 221
1 35 229
41 29 304
45 20 166
13 66 24
51 98 182
87 39 199
54 17 8
85 6 206
41 26 6
26 95 233
59 17 121
28 49 46
51 23 95
39 60 354
87 28 87
7 55 224
21 8 329
81 23 28
9 18 253
85 30 177
59 23 134
84 27 35
89 80 280
68 90 19
18 4 278
58 28 164
2 94 145
87 37 207
2 66 139
38 30 359
43 4 282
62 87 238
79 68 188
21 91 354
89 50 54
22 8 190
8 56 80
53 26 67
83 55 315
0 34 214
78 75 103
32 51 120
40 7 327
68 53 113
61 42 111
54 43 304
35 29 214
72 39 349
56 52 313
42 83 159
19 43 346
36 15 292
87 31 239
75 27 70
63 61 334
48 73 241
15 98 304
63 77 228
75 85 140
20 7 298
77 69 354
18 77 261
7 82 282
48 97 206
38 88 294
18 28 207
61 18 53
83 34 7
65 49 349
45 50 198
51 53 85
67 31 84
82 2 114
70 45 73
19 42 158
82 52 248
44 41 150
75 64 114
48 42 166
51 60 89
3 1 217
1 56 22
13 24 64
17 48 319
34 24 307
34 66 248
49 98 307
61 13 281
38 75 295
43 28 10
6 15 213
2 5 276
69 30 35
47 94 101
86 51 258
83 95 124
58 64 347
92 95 245
67 22 259
93 45 339
89 94 192
68 64 258
44 2 42
53 1 250
8 86 132
2 67 20
13 47 199
72 56 196
99 32 198
33 28 25
49 13 1
85 26 222
49 30 254
29 53 259
97 25 354
27 63 21
97 33 147
81 22 285
62 52 252
29 44 252
60 21 345
17 69 173
2 70 111
50 16 69
76 79 174
86 27 254
84 49 27
37 21 195
42 96 65
12 39 105
12 24 101
59 52 8
36 71 310
93 90 175
71 13 94
11 25 166
46 43 231
83 12 41
15 88 305
79 23 81
14 57 74
65 5 135
80 6 283
4 91 281
55 84 148
39 85 262
5 67 246
75 73 204
18 8 353
37 15 250
91 93 89
64 22 225
55 33 158
87 61 240
68 90 188
21 15 327
22 9 69
57 33 23
66 98 101
87 23 256
99 20 302
34 69 184
61 53 318
97 58 264
15 74 103
4 57 297
90 47 178
60 4 327
95 57 85
2 79 9
24 8 113
62 23 278
10 12 2
2 77 213
43 26 177
58 11 89
31 67 340
80 53 178
25 58 264
31 6 158
67 86 252
16 59 118
45 14 207
39 35 351
79 66 355
92 82 322
60 22 177
76 59 299
52 58 348
80 43 250
86 2 329
93 50 116
53 43 64
99 95 119
44 31 359
30 85 210
32 82 115
20 0 300
11 90 44
44 68 87
96 31 297
31 87 119
42 73 167
33 91 148
10 75 87
35 54 28
44 80 22
32 12 288
3 14 360
34 84 133
23 96 97
43 65 40
98 53 300
69 26 143
35 73 196
22 55 305
93 67 355
45 45 37
77 36 285
93 37 251
18 73 110
47 86 217
86 62 49
27 24 235
13 58 332
22 9 166
59 57 64
13 5 316
87 94 185
45 39 255
92 49 309
20 8 129
81 95 210
48 49 313
10 60 241
32 16 120
92 94 312
81 42 343
97 34 269
71 7 251
37 29 313
76 78 132
55 13 89
75 63 67
10 47 83
21 92 63
42 8 202
13 85 33
69 50 226
23 73 207
74 76 123
81 37 284
26 8 272
71 29 182
24 58 270
95 49 69
79 79 97
3 30 283
16 96 26
59 15 137
50 97 316
85 19 97
20 87 282
41 79 358
69 33 326
75 72 235
27 46 90
76 22 89
66 82 146
15 85 97
12 9 198
90 27 48
58 12 242
31 7 65
85 11 248
98 85 315
86 64 36
59 2 212
29 95 40
48 48 177
29 60 191
48 55 302
22 76 326
52 77 81
88 8 303
88 62 9
81 49 147
3 96 8
12 64 280
22 90 309
72 38 93
96 26 152
89 90 132
95 42 163
85 71 306
55 10 288
87 71 122
87 14 256
96 46 273
32 81 95
28 74 125
12 46 42
49 71 219
87 6 154
11 54 84
92 11 23
78 23 181
6 24 225
43 6 213
23 5 17
32 71 214
98 74 197
68 79 141
1 50 110
79 6 200
87 40 105
19 17 86
28 7 184
85 45 188
23 24 247
31 49 209
64 89 361
21 63 160
22 85 324
82 44 347
94 42 134
31 78 146
9 3 269
41 87 106
30 63 131
53 52 360
72 21 207
50 83 153
53 71 17
59 68 346
41 70 162
24 16 32
36 58 10
14 70 155
90 45 149
43 22 249
37 15 205
94 1 337
44 27 146
20 13 40
44 71 31
16 87 224
62 86 119
46 82 218
37 81 5
16 87 103
1 82 16
73 76 196
21 84 175
63 70 184
89 12 267
70 19 276
11 68 129
12 96 101
65 34 146
95 73 1
20 81 169
31 15 99
49 66 150
38 28 139
36 87 167
89 50 85
23 87 279
18 75 36
4 96 313
64 53 209
29 21 79
29 4 348
49 42 233
91 16 174
40 29 130
93 31 347
72 28 194
55 35 217
67 63 245
66 83 221
74 68 330
38 3 141
62 37 228
90 37 277
27 57 105
32 14 331
85 76 97
8 12 258
98 3 198
16 91 314
12 29 214
22 23 79
43 61 46
1 30 129
55 62 310
32 58 244
55 90 128
73 41 271
81 21 37
10 64 82
80 72 188
91 23 13
46 95 61
23 64 204
13 45 146
86 84 251
52 27 180
56 85 77
62 40 357
53 72 197
85 91 58
9 41 244
53 50 245
99 79 319
60 92 354
6 98 345
75 5 341
5 12 334
54 84 3
47 69 116
67 86 175
97 74 283
8 62 312
50 79 67
40 54 123
48 72 234
4 55 315
66 40 209
89 58 349
86 98 189
44 43 142
74 64 327
25 40 101
21 98 41
74 19 314
36 72 41
70 60 188
76 63 39
94 55 342
98 70 291
65 8 75
3 69 153
70 53 226
55 74 314
67 52 101
65 94 252
25 33 164
99 50 71
56 19 340
67 48 70
1 5 146
14 21 2
11 84 81
73 19 189
4 19 141
77 97 133
97 9 44
28 23 41
90 36 76
79 53 99
47 61 300
91 16 244
99 49 89
82 2 206
19 36 107
26 63 238
96 21 143
51 79 305
82 46 151
82 80 32
27 38 86
30 74 181
92 66 17
84 56 346
74 54 12
51 20 193
47 46 266
24 82 122
55 51 17
61 36 215
89 79 92
61 51 78
38 9 349
33 91 174
34 51 174
38 96 247
4 81 246
94 69 146
5 81 210
52 59 146
76 40 213
83 45 135
31 97 253
36 20 280
84 35 5
11 96 290
58 42 344
85 0 352
87 37 172
18 91 218
64 7 75
17 91 316
63 93 98
66 73 15
38 81 295
25 59 150
81 85 217
88 5 27
11 58 116
17 50 78
6 7 252
72 8 111
72 41 153
87 77 36
26 46 128
30 17 260
64 49 101
32 50 74
4 77 250
65 65 305
44 51 157
60 22 257
58 28 238
75 88 130
60 12 323
58 10 204
60 75 60
32 10 212
53 22 201
59 14 310
29 80 122
16 38 53
56 34 340
99 77 144
33 71 150
40 6 295
3 34 306
20 12 327
91 58 179
75 89 162
46 45 325
42 19 61
19 69 205
54 59 154
18 40 260
94 57 71
48 34 319
91 53 345
91 51 228
29 88 51
68 59 276
21 42 46
26 22 186
21 57 305
54 3 105
21 5 182
98 65 188
32 85 220
93 66 141
56 48 86
86 40 307
35 90 70
41 83 267
31 86 93
9 22 212
51 11 144
56 98 74
15 96 196
54 57 277
50 87 224
2 50 208
73 43 308
81 71 332
89 36 221
56 86 297
42 77 99
21 79 324
13 54 30
74 85 337
98 88 106
72 4 264
87 25 176
84 38 344
9 63 115
60 17 251
16 31 13
74 21 239
67 92 247
51 62 35
20 21 132
14 65 326
73 63 150
73 53 318
90 35 245
67 54 239
99 47 68
10 5 114
33 61 114
70 55 54
13 59 150
76 45 359
64 6 199
52 10 246
22 19 33
90 55 196
47 0 316
73 40 142
24 87 200
97 46 11
94 79 139
68 47 297
17 30 129
64 79 62
7 30 190
59 48 79
57 79 33
87 54 290
51 17 341
12 35 226
33 8 248
72 43 23
70 36 48
2 93 197
40 12 284
76 90 244
27 62 51
83 28 74
67 36 325
2 66 188
72 72 169
73 52 63
42 54 111
77 20 333
67 70 73
56 80 356
36 38 53
87 17 151
32 51 67
88 36 85
19 12 322
63 7 334
71 25 346
82 86 207
67 19 181
34 79 244
59 27 75
87 74 348
91 32 170
25 33 349
55 61 155
20 24 325
32 66 150
32 35 254
25 99 161
27 44 29
65 11 299
30 93 96
23 53 339
70 26 46
18 19 230
68 72 49
21 77 8
18 54 52
54 15 159
67 83 116
61 69 270
97 77 318
89 76 154
53 92 219
1 85 291
99 63 203
4 8 90
90 29 224
38 54 324
90 67 44
40 5 43
83 32 309
19 6 27
63 4 161
68 15 302
88 89 343
8 12 177
7 73 198
70 90 202
89 56 340
66 29 129
24 47 88
37 45 83
15 64 193
57 65 352
96 99 211
12 14 112
95 74 258
8 87 85
19 89 13
81 33 25
0 5 162
95 5 61
20 92 338
60 73 78
52 48 51
78 35 307
96 0 211
86 38 261
86 81 169
58 2 328
12 96 162
4 52 174
55 40 172
71 83 78
68 40 200
67 54 237
25 61 323
48 41 354
10 20 99
73 69 74
40 94 198
70 44 49
36 38 8
58 82 162
36 56 148
45 19 288
66 92 191
99 79 71
4 34 274
30 18 181
14 12 70
20 22 244
93 12 125
75 99 319
79 46 138
83 34 298
83 70 268
70 62 88
20 90 79
28 9 77
67 63 104
70 44 195
74 49 48
52 5 240
65 26 276
20 72 274
97 41 159
88 45 183
14 25 28
16 16 180
4 65 357
93 83 314
59 23 82
8 92 314
71 90 253
16 33 319
65 79 313
53 23 112
89 90 106
35 53 164
65 28 308
22 87 240
37 54 77
88 23 57
93 7 320
73 18 115
81 61 241
46 51 325
19 45 63
96 22 128
14 57 108
10 46 176
45 15 43
40 66 262
67 65 303
41 86 12
96 19 71
66 2 141
64 28 190
13 17 298
89 52 29
75 68 14
75 45 74
42 26 183
22 8 42
53 34 181
38 43 35
62 19 68
79 49 101
25 90 204
2 83 309
78 90 347
71 62 14
74 46 45
49 22 339
21 0 190
42 88 350
99 76 352
89 0 199
99 22 167
77 18 265
98 49 280
22 97 278
56 39 36
10 56 15
8 4 75
31 25 80
66 57 288
29 49 131
95 52 153
41 7 132
75 49 330
24 17 338
66 10 307
29 61 261
4 91 333
19 35 57
29 14 267
0 96 210
29 87 68
54 49 219
83 79 58
15 10 95
94 34 346
3 67 351
37 94 84
72 86 25
57 76 221
75 3 173
77 59 167
18 11 94
7 93 40
83 48 147
74 1 279
87 6 134
85 19 257
28 93 210
72 91 108
43 96 271
38 99 48
42 75 103
31 31 322
84 65 313
91 8 257
39 39 265
46 62 1
76 89 46
78 67 53
49 37 322
66 73 148
95 8 112
48 31 348
71 35 322
41 36 269
20 27 268
24 1 5
53 16 123
54 22 167
91 20 317
46 57 93
16 0 150
77 19 361
93 37 64
19 87 335
69 28 51
91 30 321
88 85 109
32 4 100
36 72 76
76 66 174
33 63 359
89 73 134
29 27 294
0 63 64
87 82 138
95 48 295
74 76 61
52 8 75
40 25 199
0 85 92
9 47 41
5 56 252
83 49 76
19 60 190
74 56 221
95 64 39
9 50 358
77 96 295
34 10 25
94 29 316
53 23 199
56 94 195
15 13 270
57 4 323
3 41 218
77 69 211
52 15 287
20 13 79
78 77 141
95 83 222
46 96 145
35 95 134
99 20 280
77 89 268
2 78 184
60 38 247
25 16 62
44 27 90
74 42 203
52 68 121
44 25 104
85 85 43
55 41 344
2 62 292
62 60 64
66 75 236
23 18 128
28 75 131
64 26 47
83 30 95
49 88 280
16 79 131
33 3 226
7 38 171
83 43 166
59 48 177
7 93 18
38 88 41
57 18 74
44 7 299
63 94 86
53 68 308
52 78 290
59 52 184
50 55 291
30 56 73
10 26 199
38 54 10
23 3 254
23 82 176
55 89 298
28 11 57
29 75 241
62 28 216
71 10 298
82 86 195
3 74 19
53 92 116
22 56 118
81 93 271
55 74 306
59 83 138
54 9 1
22 33 67
5 34 21
89 34 266
57 76 116
9 96 33
41 66 215
49 57 325
21 98 328
96 66 305
87 63 307
4 79 93
47 67 346
13 16 191
52 92 76
78 46 295
33 16 58
38 25 104
16 28 127
15 27 89
71 5 324
34 66 304
40 58 271
21 25 244
98 21 291
95 3 96
54 38 288
90 66 108
34 61 66
53 24 184
6 59 74
52 60 199
71 60 258
49 9 100
69 75 146
18 98 316
72 1 309
81 92 131
84 4 285
17 14 122
39 27 4
74 81 254
45 60 96
79 0 340
32 10 46
85 17 47
3 27 178
30 33 78
0 67 23
52 85 277
36 16 333
78 9 182
65 74 45
94 88 222
47 48 116
55 23 17
76 15 309
20 44 294
73 94 159
84 77 126
59 4 257
61 83 136
76 36 227
86 99 206
99 28 212
45 26 311
89 74 213
80 44 195
66 54 5
60 1 249
17 91 219
43 17 256
87 54 251
72 80 20
10 81 240
75 67 339
55 86 250
83 13 161
1 17 153
40 48 220
85 33 166
44 56 288
86 91 208
86 82 111
20 58 37
78 14 75
41 3 244
18 93 226
49 81 176
76 19 279
20 64 82
95 3 204
18 22 299
20 86 56
0 17 207
81 66 360
76 2 189
92 76 300
89 15 297
96 94 79
80 70 20
67 2 8
40 93 341
55 23 260
91 35 320
97 56 302
95 81 173
59 31 66
18 71 228
35 6 83
55 74 129
13 12 315
16 78 357
42 15 36
44 52 210
76 40 289
98 44 172
6 78 170
53 88 258
67 86 186
76 74 108
70 25 256
81 0 197
31 59 121
88 1 148
99 98 325
50 23 129
89 4 125
36 45 357
6 78 149
56 68 38
90 26 344
5 62 52
89 98 249
85 5 68
91 98 93
76 71 191
4 53 359
11 60 350
4 48 300
35 81 212
33 91 139
75 98 170
7 81 71
75 83 98
91 18 49
53 25 168
53 74 9
77 1 72
43 15 274
56 89 304
31 90 327
9 11 327
64 4 281
55 30 22
47 28 159
46 18 171
89 53 71
58 52 249
91 70 210
18 83 206
80 58 232
3 71 312
78 14 210
12 98 53
60 8 248
90 70 113
95 12 296
55 5 22
12 74 135
79 16 292
81 44 183
48 47 5
67 47 135
16 24 153
68 68 292
0 62 146
20 29 14
45 24 357
11 84 349
67 12 268
12 20 179
89 63 54
61 47 151
77 10 278
72 91 91
64 64 218
88 49 280
65 78 60
41 19 14
50 25 123
18 24 157
76 78 123
19 15 33
38 17 66
50 12 357
34 21 46
63 81 334
68 1 15
53 67 49
1 28 171
40 56 97
25 44 55
90 13 317
87 60 328
9 53 337
0 9 347
64 83 94
84 18 10
77 5 202
43 93 191
11 11 136
43 15 277
4 5 180
61 81 152
4 77 143
39 2 154
75 1 172
34 14 107
29 7 73
19 15 34
29 43 283
54 61 193
26 12 7
30 10 171
2 10 146
92 78 57
81 17 301
36 52 25
71 82 354
25 72 197
47 8 181
60 49 206
24 64 47
32 5 245
51 84 56
7 55 218
82 61 243
81 24 332
53 45 276
77 96 140
70 83 195
2 55 104
64 32 290
41 11 270
8 4 179
81 2 152
61 68 224
40 91 217
76 12 253
97 60 145
63 70 9
36 89 180
75 37 271
10 24 170
2 92 107
22 41 224
46 45 39
56 27 316
27 80 109
31 42 103
7 2 282
92 22 77
52 66 97
46 72 296
52 49 338
83 32 53
24 22 338
53 67 65
84 75 361
0 94 64
48 15 46
80 92 332
75 26 159
32 41 317
81 68 154
74 95 24
27 75 139
63 38 358
66 59 356
33 84 260
60 94 129
65 26 156
86 35 221
65 39 266
96 51 311
54 92 199
22 59 298
23 97 215
95 57 74
77 4 172
65 7 134
80 8 19
59 43 283
97 19 344
41 86 25
70 27 147
84 27 257
47 20 332
97 98 344
7 14 338
98 1 327
82 46 7
20 95 262
44 48 306
52 72 138
48 29 281
28 59 40
16 42 17
26 55 255
62 59 167
55 97 221
9 73 117
97 22 81
19 20 355
31 22 225
90 42 225
21 75 333
14 12 281
34 12 127
30 20 278
2 10 24
58 71 311
5 89 15
46 21 338
94 28 51
44 35 203
42 88 67
68 26 314
88 24 263
66 37 352
2 99 63
64 66 156
49 3 27
17 93 156
92 56 20
65 1 117
34 37 91
13 58 53
46 50 84
5 16 164
61 9 304
85 82 298
51 93 321
97 86 310
62 39 361
76 68 293
95 69 138
57 18 27
28 36 354
68 69 294
7 23 249
20 51 288
54 4 34
22 19 177
44 33 42
33 69 121
39 78 109
44 94 225
0 9 234
47 60 338
58 39 306
86 34 335
95 97 296
87 36 231
58 18 319
83 33 300
76 30 125
78 29 202
16 28 111
9 61 176
70 48 270
9 47 342
41 32 161
24 4 92
35 38 350
60 80 139
83 8 294
72 16 233
19 82 316
46 48 224
45 27 104
16 36 87
85 44 162
0 74 25
76 66 243
78 63 294
4 31 346
70 77 260
59 24 224
48 20 173
92 82 184
35 20 347
54 74 193
79 69 186
68 62 257
99 49 239
35 87 253
59 88 251
95 25 272
48 38 181
18 2 306
89 65 253
24 85 11
12 13 360
67 48 203
80 10 142
43 29 74
69 22 236
8 8 38
20 28 84
62 83 315
61 41 74
75 24 129
24 51 168
25 18 19
5 91 160
77 79 331
53 86 286
2 7 271
89 7 36
2 84 150
31 57 265
44 96 291
52 73 194
18 83 5
21 22 31
24 40 197
41 46 191
66 44 27
79 50 234
57 10 216
69 59 180
53 41 146
66 6 355
7 50 338
72 6 272
8 58 8
92 37 348
44 50 9
75 97 38
15 23 165
80 55 52
20 16 248
60 99 311
92 35 224
72 63 299
34 25 212
97 65 277
88 80 245
23 72 17
11 23 281
39 3 61
40 67 7
76 97 298
4 88 260
80 45 269
18 87 45
54 43 205
79 68 185
78 63 211
54 22 85
70 75 163
9 23 68
43 77 190
62 75 348
86 27 30
58 38 236
88 94 136
59 86 183
69 11 56
44 66 268
53 7 89
17 69 287
11 94 285
46 48 19
6 50 248
47 43 66
77 11 138
82 35 348
7 86 229
26 97 137
10 85 46
46 52 71
5 29 247
76 50 100
19 73 50
16 17 155
60 69 189
60 5 100
2 76 154
38 52 291
70 33 347
38 11 171
36 76 156
36 46 249
83 69 141
62 8 268
30 77 161
14 55 285
40 64 111
22 76 317
23 29 123
67 70 298
47 0 330
32 21 196
36 17 68
18 27 232
59 67 242
54 78 61
17 73 296
31 0 321
87 10 342
62 61 28
83 47 136
46 11 292
55 44 194
48 79 15
78 66 59
49 82 53
81 37 262
39 59 49
76 19 44
91 90 190
79 75 222
73 33 304
28 69 297
55 5 214
89 83 173
54 8 354
2 93 252
38 51 76
49 75 9
82 84 71
2 25 205
72 42 29
86 90 345
35 77 54
78 98 353
1 40 255
82 55 305
88 79 64
35 42 43
21 44 62
98 19 259
14 50 134
18 52 333
80 72 129
90 70 13
1 45 47
58 72 78
30 5 310
5 16 103
47 90 144
37 61 194
77 56 155
59 10 167
88 82 261
52 16 200
47 36 77
47 17 189
48 95 97
50 96 360
53 0 51
95 74 265
0 24 359
32 80 133
36 63 110
2 4 287
79 17 197
25 1 55
56 22 122
99 31 93
55 93 117
45 77 122
84 95 296
6 57 237
32 12 199
67 80 99
47 10 289
34 2 320
54 85 91
36 83 73
30 64 85
72 76 14
25 43 107
35 58 326
80 20 32
70 50 33
2 68 265
68 23 337
72 76 281
3 44 317
45 86 336
68 56 276
39 12 4
64 39 188
4 10 86
47 13 132
79 41 316
21 19 135
0 5 2
50 77 18
51 71 319
59 66 111
80 56 143
9 84 31
17 19 172
25 81 11
24 21 199
86 52 13
4 52 40
13 6 146
32 49 149
9 33 339
52 1 95
51 69 253
75 73 72
14 81 261
88 40 330
79 18 203
28 23 174
33 33 285
44 21 204
59 37 294
40 45 334
37 75 92
33 94 206
58 73 167
92 44 195
42 16 59
58 93 270
52 34 8
82 78 333
70 9 22
13 8 346
51 26 316
65 19 208
29 60 63
69 96 239
54 91 101
66 8 65
66 82 84
83 56 23
84 65 145
4 2 107
46 52 187
74 61 13
71 26 169
10 13 330
99 6 58
78 87 203
83 56 278
19 27 241
24 76 188
75 9 230
46 35 130
80 86 279
42 42 182
95 40 265
15 25 76
40 9 32
1 68 28
95 33 160
46 25 251
23 90 357
62 71 218
84 44 221
33 65 293
65 46 107
97 81 346
2 91 117
66 81 329
47 25 54
30 71 273
40 80 194
45 2 111
69 93 36
83 91 81
96 22 96
88 11 285
68 65 53
36 77 157
78 40 75
18 41 332
10 83 14
11 13 203
78 69 217
18 12 41
40 88 18
27 8 55
85 73 258
12 77 178
17 5 282
58 0 42
78 24 162
67 31 43
45 32 106
4 43 290
17 4 41
5 25 90
36 67 242
65 47 298
61 72 84
3 58 59
16 94 136
34 93 147
91 95 296
1 63 352
63 48 132
27 48 183
41 51 349
41 84 270
62 56 214
22 6 253
40 13 82
97 2 198
8 14 248
8 31 291
52 94 347
24 94 227
59 57 319
28 24 215
89 7 311
70 37 43
1 89 37
28 34 291
0 31 204
17 36 118
7 9 295
90 31 160
76 36 309
98 89 88
97 99 12
80 63 139
13 24 235
5 91 337
45 72 23
24 34 26
81 88 149
15 73 259
9 39 98
12 70 181
55 50 299
46 23 225
94 11 83
87 53 329
96 56 258
27 50 242
72 13 71
75 47 153
4 82 195
94 67 280
91 96 2
51 5 11
72 76 294
40 8 327
19 61 78
68 71 106
60 40 248
81 72 31
72 2 309
60 40 225
78 94 330
7 34 90
67 16 23
30 95 292
1 7 312
49 21 175
1 16 33
5 11 179
38 93 301
97 46 10
82 75 325
49 58 216
66 26 292
68 62 27
8 94 81
65 33 65
33 86 153
55 92 166
34 10 48
0 50 222
78 2 161
12 38 232
17 32 299
16 58 308
71 72 125
94 74 28
65 44 283
19 60 90
16 78 199
26 16 260
73 75 302
6 65 246
35 2 257
41 43 337
17 99 9
57 47 320
65 15 355
35 7 149
40 58 60
68 52 62
63 31 340
99 78 190
27 69 353
42 41 203
45 53 135
43 77 172
6 69 16
18 16 40
33 89 203
0 76 18
25 0 139
28 49 290
5 26 47
3 92 166
73 46 24
49 34 333
17 52 187
94 40 227
57 27 359
67 8 31
92 97 321
15 19 305
22 73 20
95 23 301
44 88 113
16 18 291
91 28 212
80 15 75
78 69 221
68 34 138
2 75 96
22 51 311
5 67 91
42 86 214
84 30 207
89 58 256
20 63 349
71 95 323
95 24 74
49 49 232
52 58 345
5 8 323
32 76 311
74 78 265
60 86 358
98 93 11
34 59 137
49 45 66
2 53 196
75 1 44
72 90 120
85 78 347
31 60 202
83 21 168
32 64 293
63 5 26
72 6 314
65 44 74
52 50 273
91 68 21
48 23 283
91 44 54
31 80 317
91 89 72
68 79 272
35 35 86
73 18 110
52 7 228
91 23 57
56 53 81
12 16 60
65 58 311
49 1 47
79 4 83
59 34 9
76 86 1
51 96 21
23 88 72
23 23 202
92 3 55
62 81 335
91 71 165
10 87 202
6 22 36
19 93 31
25 98 357
76 75 175
35 77 285
90 20 242
89 59 31
87 97 142
57 6 173
38 96 269
16 47 118
94 99 185
6 26 337
5 46 267
45 10 231
82 41 173
15 5 349
2 37 351
30 70 339
67 85 335
34 93 111
60 74 261
63 16 34
29 77 277
43 94 192
1 0 84
59 53 291
67 64 274
16 23 281
23 10 134
86 26 41
48 31 150
65 5 322
38 39 59
37 93 229
62 65 351
4 92 230
1 81 118
32 78 61
42 78 302
93 37 357
50 18 16
4 45 159
31 74 1
73 57 96
47 41 47
52 68 336
11 10 264
0 9 261
18 46 331
12 83 5
67 80 267
85 44 101
26 3 294
78 91 163
76 92 57
33 40 156
74 90 218
28 40 257
83 36 86
41 55 52
46 37 324
26 20 112
14 18 198
72 67 114
2 70 214
83 91 262
40 96 28
44 55 48
21 65 215
88 22 327
19 17 47
41 34 183
23 10 160
41 35 268
95 48 32
33 50 295
15 54 295
50 51 235
24 27 224
88 56 237
50 45 79
50 83 177
67 56 182
14 90 220
54 17 223
3 1 317
88 31 184
31 83 299
90 42 117
55 66 103
11 27 59
70 75 200
47 68 274
57 12 237
53 56 65
63 69 53
12 13 58
8 66 137
25 48 107
88 97 179
55 5 118
36 94 279
92 67 115
23 17 337
5 61 49
72 27 112
32 81 286
92 34 253
69 10 177
40 67 162
61 41 256
87 58 72
86 94 261
8 20 57
89 90 121
20 38 157
46 70 16
35 12 130
41 56 113
57 99 34
78 24 200
47 10 347
70 67 335
25 99 173
12 54 212
18 56 270
21 45 343
79 82 171
0 32 345
74 71 37
65 19 183
21 6 87
13 82 11
12 66 148
97 74 137
3 12 328
30 58 286
22 46 321
44 42 27
51 77 71
40 23 178
62 30 163
52 33 219
99 18 156
79 60 359
33 16 335
73 65 271
52 82 172
52 86 242
73 22 227
75 92 184
71 36 2
24 26 351
54 43 100
76 98 187
66 69 308
79 53 109
86 15 78
54 48 198
14 60 6
96 9 232
51 8 276
3 72 25
56 61 353
37 12 211
99 15 31
40 12 83
16 31 92
70 1 328
74 43 11
96 37 97
0 10 203
97 39 53
29 82 313
87 70 180
52 99 225
32 39 45
59 31 106
3 64 24
89 52 94
94 77 199
91 31 227
69 47 225
10 62 122
62 60 128
49 64 348
68 41 148
44 53 87
35 41 95
77 37 267
83 22 181
1 53 264
75 99 54
22 40 172
1 80 308
19 28 353
65 86 205
61 64 357
68 68 121
6 28 211
96 75 357
42 85 353
3 13 298
15 49 160
0 23 43
93 58 102
98 88 226
19 15 285
46 16 256
96 49 180
51 41 147
25 91 318
12 96 160
32 95 190
55 40 76
24 71 136
46 77 259
81 86 189
2 25 179
34 20 136
58 59 70
69 44 185
18 33 265
68 9 88
31 83 114
48 79 313
54 2 237
10 59 348
91 18 262
92 76 311
67 5 149
38 89 214
13 5 12
93 70 306
65 90 290
19 52 143
86 31 97
8 43 63
93 43 96
96 85 303
56 0 191
62 14 285
7 6 334
96 14 257
85 59 321
92 95 296
31 90 73
41 80 307
77 64 191
55 11 309
53 20 201
4 27 201
83 1 122
97 91 242
65 35 120
19 6 198
29 78 359
44 13 85
65 61 193
87 48 234
86 36 18
13 53 163
24 60 267
14 82 188
6 71 299
72 9 199
82 80 246
45 83 9
41 24 180
39 67 46
98 93 236
83 87 272
39 7 149
93 85 128
30 77 226
2 2 225
70 1 244
20 0 11
11 17 199
29 86 290
11 50 173
85 56 138
88 18 276
67 82 142
23 38 144
54 43 61
36 38 9
3 87 198
91 64 20
17 20 44
5 60 201
17 94 179
96 81 2
78 88 114
14 38 200
62 46 107
48 6 215
69 31 1
7 32 337
64 4 86
8 67 48
56 97 89
56 43 149
16 93 111
12 6 293
95 42 141
67 46 146
76 70 67
17 3 71
15 50 172
82 3 274
95 14 318
8 93 119
70 80 74
38 28 259
66 19 159
94 89 248
73 9 223
74 29 321
94 17 307
55 60 315
19 12 272
44 95 164
48 23 86
5 58 138
36 17 159
46 34 22
34 52 306
35 49 147
93 62 36
93 54 325
15 78 41
74 76 93
77 61 107
32 28 333
97 5 311
90 20 194
79 9 297
14 22 252
48 75 132
5 47 60
40 16 222
87 70 263
73 27 200
80 78 117
44 51 278
51 24 184
39 52 63
11 16 29
19 5 213
74 89 288
64 37 146
61 13 263
53 66 326
60 3 250
51 10 225
86 83 93
89 29 69
39 40 186
73 82 36
75 85 345
83 28 347
73 73 158
95 1 316
1 48 221
4 76 13
78 58 64
83 54 249
43 89 77
34 32 53
32 84 123
55 0 68
49 55 82
22 94 178
21 8 171
50 23 272
72 97 236
47 15 204
41 94 126
26 38 305
83 86 66
47 70 309
24 64 21
71 53 149
24 45 237
97 92 224
17 9 158
87 68 320
2 89 225
21 80 40
61 98 336
85 93 51
2 40 40
34 23 341
27 64 312
61 41 174
34 27 161
92 0 91
94 91 226
68 22 130
12 87 328
87 68 341
8 3 12
47 75 334
31 43 337
80 74 271
56 30 66
88 94 158
36 39 186
80 14 121
10 47 68
47 16 248
73 35 99
84 7 40
39 25 290
26 18 21
26 6 91
88 81 137
33 15 343
40 34 180
3 31 37
17 54 14
87 28 314
93 2 22
53 65 298
56 11 334
92 24 241
85 14 123
46 70 327
26 92 9
64 83 167
29 11 245
25 3 167
97 37 194
77 82 7
39 72 85
2 63 220
36 39 263
71 71 40
73 76 214
51 56 71
68 96 109
82 24 330
23 60 358
71 9 181
72 88 226
17 91 212
98 39 186
92 90 323
17 92 38
3 79 317
75 14 219
71 42 116
42 37 18
32 0 298
83 47 352
59 69 298
41 86 129
54 10 190
21 51 226
70 46 148
23 0 243
78 56 325
60 42 240
65 69 360
39 78 92
76 65 139
56 39 293
9 64 216
49 42 50
18 13 305
72 58 54
26 52 282
13 73 330
93 69 197
78 8 198
17 13 294
34 70 139
81 38 253
77 89 286
94 50 333
83 20 217
18 37 350
58 41 268
62 93 145
34 36 276
94 92 261
37 73 260
4 45 229
78 67 210
82 18 37
24 21 251
64 22 193
45 49 336
27 42 335
70 3 34
48 64 52
17 67 325
71 61 194
29 10 8
89 35 133
42 10 305
87 63 141
7 85 116
49 36 312
57 84 228
4 97 361
69 2 338
44 29 63
5 86 54
55 61 263
83 43 301
30 82 94
63 5 316
38 22 245
12 81 96
98 4 29
37 5 159
73 76 360
61 92 261
0 44 149
65 60 336
50 38 41
89 34 56
57 93 325
39 64 290
95 55 6
75 16 28
45 54 151
75 50 292
15 38 122
80 52 6
91 73 10
43 31 69
15 45 228
38 13 323
26 0 315
29 93 71
69 20 312
4 0 74
75 42 181
80 42 4
13 40 293
36 8 168
39 12 350
39 18 304
65 15 72
26 50 10
51 54 348
46 28 157
8 4 279
90 73 199
30 45 41
67 37 32
93 42 70
36 1 2
39 2 204
76 87 238
13 30 119
47 70 74
16 16 122
32 27 30
70 34 144
59 90 303
66 28 249
19 64 159
85 53 222
76 69 327
63 70 155
12 95 345
20 85 260
96 16 139
30 35 319
29 92 319
73 47 51
64 93 216
83 38 88
38 85 346
68 5 143
99 85 291
76 50 147
15 97 176
82 15 237
5 4 226
98 69 159
80 99 77
53 46 22
10 74 151
28 95 155
36 36 3
17 93 312
61 60 266
93 93 248
12 53 167
68 33 12
73 64 14
81 75 84
34 31 279
76 14 71
84 51 97
35 72 114
81 63 245
10 53 178
92 12 141
98 99 194
35 14 161
58 57 60
84 59 98
72 87 133
35 0 70
99 72 59
48 30 339
48 92 184
54 53 115
45 45 219
10 76 227
62 88 52
39 51 125
66 8 154
35 49 224
73 69 42
80 49 180
60 95 39
97 92 119
69 30 179
6 91 121
34 63 136
61 68 84
9 62 340
87 35 140
1 15 193
24 41 300
96 71 161
70 96 149
80 0 124
45 23 278
10 3 6
92 66 22
0 4 15
9 16 352
53 25 30
64 64 349
77 82 242
34 64 263
35 91 281
94 23 33
8 56 148
26 53 27
63 84 47
25 55 207
32 6 82
82 42 141
44 59 323
66 80 223
39 81 233
41 3 302
38 50 78
23 88 146
46 57 54
67 20 71
30 88 186
84 62 62
89 41 331
90 57 125
89 34 171
9 7 304
71 58 214
56 50 295
77 85 69
25 49 46
21 41 280
34 2 278
37 78 332
92 19 148
53 9 12
68 51 25
75 90 312
55 17 63
59 66 95
54 54 201
35 98 312
21 1 170
27 41 230
90 26 242
55 14 27
57 73 212
70 27 83
42 41 235
41 9 204
76 92 173
66 37 219
54 19 330
19 54 344
85 2 165
70 71 167
75 15 312
81 59 146
87 23 247
69 67 64
65 59 204
41 3 166
76 43 152
44 44 221
45 2 263
3 11 347
7 6 205
38 57 322
28 34 294
1 40 354
59 19 276
39 7 338
45 21 64
28 28 221
70 54 115
97 23 121
97 53 288
74 8 156
79 86 358
73 97 309
68 58 31
61 85 210
50 98 338
91 58 45
21 22 51
45 45 305
87 61 126
91 87 51
39 34 26
6 25 295
88 13 213
97 90 54
14 71 41
78 98 264
11 48 310
89 15 53
12 54 55
27 12 199
61 18 357
27 27 143
53 45 136
61 66 151
65 46 293
48 69 16
36 6 233
87 26 360
74 22 204
99 91 216
31 24 299
63 54 38
55 5 214
17 85 99
14 68 116
30 44 132
16 40 110
88 78 346
57 17 335
48 84 184
78 87 58
37 50 237
9 47 11
36 20 49
50 32 25
28 16 254
46 50 309
19 28 236
90 8 90
99 40 231
2 94 40
93 38 161
30 79 69
78 69 39
55 65 33
83 6 250
42 95 290
11 88 332
9 39 202
63 30 132
5 97 32
21 6 239
2 50 182
11 37 192
3 96 309
63 68 178
12 17 147
80 55 4
26 98 182
49 90 235
98 14 238
35 19 189
32 89 146
89 75 246
67 56 312
51 77 167
2 96 338
60 33 87
87 72 10
21 13 215
54 32 171
49 36 27
73 87 276
32 70 322
35 16 195
81 80 110
1 96 282
44 27 303
60 54 314
71 12 205
0 16 127
76 4 169
49 16 254
44 79 305
66 60 111
90 56 312
6 47 249
73 44 276
94 11 284
3 69 81
38 67 83
25 73 224
27 27 23
52 80 51
78 72 316
83 81 336
83 94 309
44 92 176
14 68 282
99 3 350
68 12 58
57 44 321
87 96 231
83 57 155
93 1 3
37 20 63
69 58 3
88 1 74
19 86 29
79 14 111
31 12 256
47 5 86
35 63 152
5 18 348
61 95 166
93 75 361
81 5 51
8 96 145
41 59 317
23 84 187
59 69 329
66 47 52
42 30 353
79 10 139
68 88 257
73 70 24
95 60 117
4 41 207
31 35 174
26 58 345
39 80 340
13 83 196
15 96 311
63 7 296
87 53 252
38 89 239
38 58 322
10 53 29
91 24 125
39 45 209
72 59 3
90 50 7
51 26 316
8 44 28
24 31 340
34 22 85
64 86 69
23 54 262
34 98 46
88 86 184
90 18 268
65 66 281
83 25 133
20 61 306
7 95 76
25 27 350
27 31 187
68 30 49
99 44 69
85 2 189
55 0 312
58 69 77
59 62 187
93 62 80
88 78 178
91 71 312
10 11 359
95 4 341
12 38 127
84 65 292
29 45 49
37 25 113
52 11 90
9 48 7
7 84 311
24 39 140
73 58 301
23 66 10
47 10 302
95 85 309
70 57 360
39 6 207
96 14 175
8 29 204
46 51 35
80 31 15
24 43 64
81 93 343
32 23 257
87 26 126
49 5 344
39 10 17
8 23 54
90 47 109
18 8 323
78 50 32
94 79 64
25 94 254
27 30 109
14 3 212
53 57 274
76 66 303
47 73 84
28 24 120
47 99 254
42 91 104
78 34 196
28 58 359
53 66 155
38 23 142
11 4 18
89 90 273
77 89 225
50 75 152
18 49 275
47 0 274
95 43 40
86 52 164
84 29 317
5 44 243
11 69 292
19 22 291
37 69 189
96 1 83
49 7 114
28 37 52
76 51 101
92 69 284
39 49 250
8 85 169
54 78 289
1 14 79
57 92 267
22 27 75
16 21 43
26 54 174
30 98 271
78 18 57
0 3 157
54 68 63
95 22 108
1 49 167
18 45 200
4 77 319
89 65 49
87 86 279
17 88 344
1 46 333
19 14 114
39 41 151
40 0 238
53 74 50
75 45 25
74 74 361
9 44 87
75 98 286
15 38 328
99 25 94
32 74 276
48 0 105
52 4 262
28 92 271
99 11 180
54 89 234
82 89 297
30 28 280
56 88 232
41 65 279
12 57 279
85 15 314
32 78 108
90 78 266
43 36 274
6 39 189
81 99 282
99 94 59
36 44 68
4 21 70
46 98 224
10 3 226
73 58 307
25 77 51
2 73 350
14 35 12
40 19 338
37 4 3
66 80 349
55 77 272
39 94 70
55 26 214
77 26 149
62 41 79
61 67 355
8 44 308
67 13 233
44 46 361
82 9 130
19 74 318
82 22 232
60 36 212
24 19 143
56 56 275
73 90 206
3 10 231
16 25 200
48 38 332
65 37 99
18 63 217
7 88 285
57 16 11
76 30 262
32 19 260
7 20 175
3 74 61
31 11 269
68 19 151
44 5 354
43 96 16
93 6 258
89 36 160
57 8 89
71 95 311
21 83 312
26 9 65
33 96 240
66 14 298
97 56 203
75 12 190
14 69 103
92 9 350
16 65 356
22 16 88
64 41 356
51 50 209
98 47 39
75 61 277
48 9 79
23 36 101
21 75 130
56 52 264
77 25 106
39 8 317
15 92 356
7 86 37
39 32 205
86 34 193
54 77 346
26 44 218
18 90 290
22 74 328
72 3 148
13 30 126
55 33 165
76 1 5
33 4 339
4 58 240
59 15 289
77 44 258
58 22 171
78 16 238
74 9 46
73 93 240
5 35 178
49 60 184
65 73 317
89 33 150
30 73 289
24 96 89
28 77 222
36 14 190
34 89 215
10 18 115
26 98 354
11 22 13
69 64 360
15 81 153
37 63 13
88 30 39
74 82 287
84 16 233
43 99 167
75 7 288
16 49 76
96 19 119
0 49 346
83 32 77
72 37 290
79 46 340
18 29 351
98 83 215
62 47 267
83 78 292
6 57 313
84 89 276
9 89 87
75 95 184
41 44 300
34 71 284
32 5 176
27 33 327
17 84 49
87 90 89
11 48 174
71 88 311
39 67 268
56 52 168
3 97 191
5 91 111
55 28 346
63 81 230
15 3 354
62 6 14
61 42 312
12 87 4
99 97 324
92 72 241
20 81 185
58 63 331
28 21 38
22 7 189
76 45 310
1 95 307
50 24 39
27 50 120
47 27 27
96 5 247
88 25 285
28 96 197
42 6 90
32 4 117
49 84 259
24 60 111
70 20 34
59 3 305
67 24 337
1 14 130
90 3 150
30 80 275
34 66 194
17 54 187
60 14 50
5 55 351
54 3 272
67 93 17
70 91 234
20 39 5
99 26 315
23 87 168
66 60 95
80 48 186
42 39 242
21 83 236
66 70 62
67 73 70
88 27 134
42 51 101
39 4 301
11 47 306
64 66 280
4 89 114
88 81 219
40 5 223
52 10 300
35 42 319
26 2 286
83 95 10
68 15 21
53 60 325
6 19 64
40 79 225
23 2 139
69 84 216
23 68 98
50 53 356
86 19 353
26 28 72
82 38 20
94 1 147
32 28 80
69 69 324
11 87 352
38 83 7
50 59 72
21 54 115
3 26 166
89 26 347
39 98 5
72 60 118
74 73 3
22 23 188
84 83 156
7 56 25
21 69 232
8 76 237
43 91 322
48 62 243
15 49 271
16 43 38
63 58 232
68 71 177
22 9 219
5 60 115
7 72 277
49 6 180
6 94 53
27 30 247
80 51 328
52 61 163
59 84 111
6 38 95
13 64 132
97 22 290
53 49 59
25 89 127
2 32 171
26 29 113
81 35 91
39 74 54
49 55 106
76 96 158
11 29 95
94 68 205
47 92 168
72 81 55
30 57 281
54 62 153
60 51 337
29 45 56
26 71 223
81 81 217
75 40 352
25 69 257
7 15 298
61 11 245
26 45 305
60 80 236
1 18 144
17 0 3
65 18 36
77 91 181
6 13 340
25 30 117
95 60 287
80 0 45
38 31 236
69 64 238
98 85 221
24 39 300
7 20 31
35 11 253
95 59 111
58 55 278
30 28 148
40 17 243
47 2 306
49 82 167
91 94 94
91 1 40
41 43 17
95 28 240
90 48 101
27 71 245
78 7 139
64 32 227
88 1 95
42 73 25
91 4 32
79 37 22
71 65 116
69 69 303
11 19 341
19 81 277
59 96 237
82 86 218
42 71 137
70 72 258
88 82 28
57 57 83
11 55 294
56 87 33
8 81 318
78 82 201
60 99 173
85 43 98
46 25 204
6 84 177
70 33 4
86 97 118
86 60 208
44 91 168
89 9 288
10 8 342
28 21 218
56 71 326
37 72 31
59 1 182
39 66 191
99 0 315
42 47 113
64 91 293
45 94 77
9 59 240
39 58 135
19 86 192
11 73 51
87 38 310
79 80 275
52 47 345
58 82 284
2 16 164
17 30 54
20 0 180
85 83 70
93 23 348
71 51 11
30 60 189
71 52 207
50 15 83
9 76 334
60 53 98
34 3 209
19 96 273
97 50 173
52 26 91
14 65 140
63 41 285
34 13 277
73 68 284
77 48 329
5 67 357
56 26 164
76 86 212
15 53 284
12 54 171
19 75 73
3 58 261
41 74 139
84 57 160
74 70 124
57 7 272
91 56 250
93 52 129
16 27 303
20 40 304
41 19 299
34 16 185
53 39 329
99 80 105
33 81 96
43 29 77
33 40 201
12 82 83
0 74 309
73 62 320
73 46 247
94 45 209
0 88 356
41 56 250
54 83 169
47 94 323
14 82 353
92 63 297
40 83 183
49 97 240
81 94 49
73 43 114
6 35 215
22 62 322
87 15 355
66 51 9
98 35 122
57 8 136
6 90 194
94 73 75
60 79 213
37 15 12
45 89 109
90 11 164
55 75 237
92 80 112
36 27 1
47 31 297
78 25 93
23 27 226
20 27 304
21 85 41
25 82 262
61 54 176
61 99 31
9 57 178
63 95 74
88 4 99
18 37 284
76 27 101
68 22 75
76 72 305
1 97 264
34 84 22
62 38 80
17 60 297
15 29 339
23 86 254
15 54 151
10 88 229
77 98 30
33 44 243
71 57 151
60 54 313
76 50 248
64 58 278
86 6 268
44 69 286
88 38 8
24 29 160
86 88 185
7 95 323
99 18 65
52 72 330
45 23 141
95 70 5
97 13 67
97 98 225
33 34 326
84 22 88
33 14 82
12 64 101
15 73 328
41 42 324
96 62 358
11 60 309
15 73 179
60 15 112
31 77 154
52 89 1
59 10 159
99 37 325
56 89 265
30 16 25
70 98 182
31 75 117
7 82 109
49 7 171
31 33 311
93 69 50
64 21 27
25 6 291
68 41 218
38 99 327
27 67 282
82 69 172
55 98 178
4 63 69
56 18 85
51 42 322
74 31 17
12 71 49
9 25 346
42 15 87
30 0 55
69 50 343
47 14 318
77 60 274
0 91 188
13 59 217
90 92 26
0 71 78
29 71 267
11 76 178
77 87 28
13 70 52
87 77 209
54 18 333
68 27 284
73 19 249
69 42 244
42 87 145
39 62 321
5 10 109
18 33 238
86 40 283
73 19 66
11 75 113
54 33 294
18 82 238
15 78 349
9 52 224
8 68 234
86 17 78
85 24 167
65 4 39
1 98 170
25 61 134
58 64 30
51 53 32
42 42 48
79 84 358
55 6 76
69 35 242
73 17 192
17 3 326
7 42 310
82 40 344
93 75 111
13 80 205
39 47 9
49 47 351
75 3 190
36 42 341
53 76 329
14 86 257
45 68 216
0 89 239
88 71 212
24 20 183
19 93 295
18 2 317
85 5 133
83 25 222
44 54 343
84 84 314
86 26 259
6 28 130
64 25 316
20 95 215
7 96 72
35 85 335
21 6 224
59 97 31
45 3 226
49 0 124
0 29 317
89 47 132
83 5 317
62 51 104
4 0 74
56 0 174
32 47 152
86 26 141
23 86 216
35 91 303
45 50 309
26 36 323
66 6 173
99 7 299
89 96 62
91 39 34
15 68 268
88 70 158
69 58 318
14 23 162
1 20 153
27 3 221
71 78 357
10 44 189
4 41 204
78 27 167
60 1 190
56 69 129
78 3 203
96 91 80
31 60 103
26 17 131
74 18 265
17 82 98
89 94 108
89 30 66
11 95 207
91 59 232
4 18 25
8 30 307
72 38 9
11 0 176
29 24 199
33 18 333
5 99 263
99 55 282
58 35 49
15 99 21
57 76 178
29 82 344
42 21 263
43 53 195
33 88 184
30 43 127
0 15 75
26 81 252
3 68 120
6 17 178
79 34 308
66 98 312
1 99 119
43 85 195
33 17 204
0 98 323
29 29 213
66 55 341
22 11 333
1 37 348
87 7 344
47 27 91
54 58 95
37 44 68
58 83 174
29 14 343
27 54 218
82 69 46
60 16 277
53 53 259
15 80 349
71 27 170
78 5 323
0 45 30
94 1 342
45 37 210
97 61 239
6 64 161
49 66 180
18 56 209
68 56 68
21 17 238
88 37 303
41 50 153
53 77 264
6 86 83
51 27 165
95 27 324
77 69 68
28 70 92
98 64 299
57 70 146
6 37 216
42 19 275
47 97 313
82 95 183
60 85 257
58 82 186
47 23 122
75 76 226
76 98 197
39 26 324
11 32 170
3 97 91
53 72 268
19 79 45
87 2 211
78 34 272
27 91 45
44 61 20
37 57 107
75 17 176
21 86 243
85 90 40
35 61 152
33 23 295
84 17 100
8 13 154
6 42 98
69 2 96
38 23 291
23 96 208
50 37 1
56 82 145
51 53 167
23 1 332
34 3 26
89 9 97
81 23 186
66 75 352
30 31 197
15 57 275
82 97 165
41 96 163
88 51 5
10 5 22
26 24 80
94 0 257
75 32 205
4 49 101
49 61 3
35 30 93
12 46 210
39 88 326
59 59 147
95 18 142
13 65 280
31 51 214
79 36 230
34 38 100
16 74 115
15 49 303
53 89 237
85 18 216
57 56 124
91 79 273
37 91 78
8 12 127
92 4 360
2 21 232
97 38 255
48 50 53
20 27 201
13 5 360
40 54 52
91 67 25
63 69 190
77 9 295
93 49 47
12 46 39
42 72 277
22 98 283
3 43 44
84 18 173
45 68 262
31 42 361
79 31 113
84 18 225
76 21 126
67 55 89
91 37 247
0 1 234
69 96 30
72 64 296
21 97 303
0 17 178
76 15 227
0 32 177
8 2 279
1 25 65
56 76 234
79 2 219
23 95 181
26 23 31
17 26 27
38 38 270
53 61 259
3 45 45
85 9 262
19 68 125
92 41 164
56 85 221
0 85 258
64 62 346
7 81 26
53 98 247
81 11 169
3 68 249
76 41 25
68 45 48
13 82 147
34 80 32
17 21 265
96 33 9
51 17 143
17 31 7
30 56 140
35 98 327
99 91 316
50 65 94
59 8 306
13 32 65
80 57 276
26 57 110
52 6 325
95 84 198
60 70 126
34 1 234
87 52 309
64 64 249
10 60 34
48 25 241
45 64 270
86 61 194
5 89 180
14 88 24
22 40 50
4 35 312
1 95 173
84 82 238
0 72 96
16 13 43
17 67 242
54 60 109
50 2 144
54 59 11
54 93 27
70 72 196
1 76 324
9 38 116
9 22 235
20 53 112
37 86 7
52 66 353
79 18 1
83 31 53
98 78 175
42 8 57
76 69 41
75 86 281
50 90 109
19 41 351
43 61 30
60 3 139
9 74 322
42 24 114
36 59 130
86 86 273
69 85 152
67 66 109
35 87 20
48 19 336
91 15 271
60 89 259
14 3 167
44 69 247
76 89 214
95 6 51
46 19 207
80 67 110
25 25 82
66 91 93
75 72 291
22 9 181
53 72 298
16 40 274
14 69 3
24 77 68
26 15 79
92 20 292
64 84 308
93 3 110
89 76 91
8 36 236
6 34 23
57 46 266
74 44 225
13 97 61
88 10 153
26 71 243
42 25 268
4 78 48
95 21 151
78 70 144
68 57 259
24 13 31
89 83 343
49 6 217
53 72 66
96 87 15
22 52 37
28 4 340
23 57 288
82 3 296
29 58 43
11 71 331
85 89 133
61 36 15
50 21 298
13 51 82
80 50 236
52 62 285
57 2 312
34 63 36
41 50 50
11 40 236
80 38 180
67 64 272
78 35 164
28 36 326
33 94 54
72 6 149
67 85 302
12 99 245
53 49 51
63 9 327
6 81 346
99 92 342
61 89 327
64 61 214
28 75 285
38 99 51
14 15 271
5 9 221
89 76 346
70 98 32
91 70 137
35 75 187
87 93 342
74 2 348
49 74 67
77 56 69
94 29 52
67 97 40
5 36 216
99 17 274
2 29 117
31 72 282
55 61 319
15 32 19
68 85 141
18 14 106
89 85 332
32 81 99
64 43 108
5 85 30
40 99 60
72 55 101
52 86 310
40 12 37
71 25 187
18 17 79
40 9 82
73 88 278
89 34 32
10 97 60
66 70 344
36 58 316
82 42 143
87 42 136
87 52 73
9 3 224
52 72 59
30 8 91
11 23 171
72 25 212
39 32 305
2 8 215
50 21 59
87 6 292
63 37 323
89 83 274
68 37 354
88 1 201
56 79 121
34 94 123
60 1 291
46 22 256
91 66 344
71 26 333
43 15 209
99 39 154
8 11 281
59 31 204
57 93 30
75 37 182
89 55 275
21 7 67
92 81 339
17 81 109
67 32 155
80 38 351
1 31 105
41 70 334
88 77 245
14 70 75
73 98 170
69 39 43
61 94 58
21 70 19
89 85 354
54 93 169
28 5 108
54 68 24
4 80 79
71 79 158
74 75 238
85 79 133
94 15 38
55 20 305
8 6 84
23 34 127
56 16 345
83 21 296
49 96 325
95 54 342
4 80 343
8 12 61
79 96 204
90 55 154
87 53 222
73 45 271
5 36 195
30 51 18
17 16 203
78 22 184
68 13 135
93 95 222
29 4 26
88 82 251
12 10 56
62 51 28
44 65 155
99 35 301
83 85 28
63 99 327
32 38 275
90 37 135
31 81 346
96 25 356
74 56 100
62 30 66
78 68 320
21 67 107
56 90 213
60 87 234
42 27 103
33 28 109
23 48 290
74 37 6
29 77 190
9 71 39
18 0 336
66 26 232
19 21 137
68 45 201
17 43 99
89 70 60
16 29 131
65 31 64
12 30 119
79 58 231
64 14 16
18 78 332
75 66 272
80 36 227
14 4 115
16 59 91
24 67 354
98 12 101
99 92 146
32 44 268
37 41 273
50 46 209
94 26 148
4 13 274
90 94 245
72 53 57
95 38 200
78 20 285
23 90 5
83 25 189
99 83 163
96 65 225
84 66 126
92 39 208
72 94 325
50 28 45
55 71 296
90 96 113
74 31 115
25 51 318
26 78 323
84 30 202
92 29 1
41 43 316
47 12 158
28 8 339
68 33 116
14 11 209
56 2 127
27 7 150
27 0 95
14 34 152
48 85 234
27 31 221
42 45 190
16 68 216
65 15 2
4 9 121
19 95 44
29 39 21
61 81 185
5 37 142
65 7 172
59 57 27
98 0 83
96 29 113
69 77 174
8 97 235
75 51 350
52 24 359
53 30 159
44 34 142
14 93 160
44 82 188
74 57 306
3 43 172
18 37 274
97 67 304
87 74 161
62 49 329
51 8 242
19 54 306
49 70 21
50 87 77
11 29 280
93 31 150
95 57 140
37 92 41
74 8 247
65 33 283
70 57 294
36 86 261
18 35 219
38 1 66
43 31 36
74 54 88
83 20 276
40 86 37
62 36 361
83 98 146
91 46 229
61 56 339
54 67 288
4 73 75
27 22 206
85 68 347
61 52 172
78 22 228
79 68 263
98 65 155
11 66 79
70 66 9
31 87 218
62 54 10
60 49 142
24 94 67
16 83 12
44 10 109
57 62 324
62 45 48
18 2 27
19 68 10
42 3 22
53 85 191
99 39 330
62 52 42
59 79 76
44 81 145
59 1 4
62 9 309
81 0 110
12 58 85
94 42 237
0 2 43
34 50 179
49 39 16
77 32 232
36 13 289
83 28 236
15 82 61
14 32 335
98 22 278
1 34 54
1 62 99
17 87 27
8 62 340
3 52 353
4 91 208
92 49 175
63 74 239
29 41 234
54 71 36
59 66 157
28 35 298
64 65 38
52 49 252
34 84 354
8 40 194
14 8 213
75 60 184
55 37 182
76 88 246
63 46 230
0 45 120
40 15 42
86 75 136
45 59 93
85 59 4
94 41 29
31 15 106
25 65 203
20 95 137
17 58 267
9 99 90
33 52 289
14 60 195
44 61 351
4 54 139
19 61 111
16 12 142
10 63 270
47 18 241
16 2 349
42 67 244
80 56 269
46 13 333
48 29 287
30 33 353
1 66 1
7 53 196
95 81 149
24 53 111
2 45 342
74 49 90
19 65 171
26 86 17
52 87 234
28 85 201
15 81 297
0 69 4
62 22 231
39 98 38
34 39 243
36 73 343
19 5 169
33 61 303
12 62 215
56 72 296
23 39 253
88 29 294
21 14 190
34 72 305
77 7 47
25 58 87
64 23 212
91 90 121
76 3 102
25 40 296
41 50 146
85 11 319
48 87 81
70 11 92
80 68 89
74 35 277
58 29 174
66 1 189
87 97 97
56 14 104
99 33 104
44 94 253
4 0 264
40 68 327
60 22 43
75 52 32
1 54 151
39 52 311
83 84 317
2 85 280
60 1 311
52 70 338
7 40 19
13 2 111
19 14 349
33 60 27
89 49 20
12 88 297
30 39 148
18 56 170
43 98 128
76 1 347
27 23 5
76 45 223
39 24 169
33 73 97
92 30 4
75 45 154
7 91 20
11 58 111
31 54 242
81 88 357
2 87 122
85 67 272
0 16 355
91 45 337
84 39 13
53 40 113
74 99 53
18 26 263
2 4 211
79 59 52
20 76 222
42 0 313
23 0 337
35 28 42
68 5 312
64 69 259
75 50 90
50 25 147
83 28 327
89 81 178
11 8 285
34 21 341
29 76 342
58 83 67
99 2 108
33 19 273
46 38 163
10 65 45
97 6 128
4 59 68
20 98 221
54 26 43
11 93 270
36 88 118
96 29 10
29 16 315
79 26 272
3 86 285
36 4 326
81 98 27
62 13 318
43 26 312
35 59 209
12 12 86
95 48 138
20 16 115
80 90 272
90 24 278
94 94 66
94 73 140
49 31 221
51 5 165
63 98 211
82 49 62
69 16 269
0 39 81
85 32 129
59 40 261
44 67 214
38 73 207
53 35 296
44 59 100
58 22 314
72 11 286
4 50 188
13 73 353
98 43 233
71 33 176
36 56 210
35 24 160
29 28 177
42 83 20
19 68 157
42 18 222
44 30 338
77 28 142
33 84 169
21 79 24
46 11 9
40 60 104
27 93 112
71 80 242
69 75 87
43 59 236
5 77 112
85 53 172
23 98 71
73 13 356
47 54 113
32 1 340
61 28 241
48 26 128
18 10 95
55 25 121
92 71 187
36 24 331
67 11 226
39 45 193
17 40 64
91 92 246
13 98 110
81 41 282
37 31 123
34 20 41
33 90 142
33 32 48
51 26 125
61 21 234
21 12 175
78 69 340
30 57 60
28 84 138
24 13 199
96 13 207
15 36 333
54 25 273
20 48 243
71 1 90
31 51 335
30 84 15
31 39 352
49 26 9
84 80 22
0 14 276
79 55 194
96 0 260
70 80 298
66 40 333
86 77 343
20 6 345
99 73 228
48 25 343
22 70 253
58 70 293
5 97 250
1 43 27
15 55 133
80 3 161
14 50 238
17 43 45
63 80 355
78 48 321
65 53 69
89 0 14
43 72 205
58 20 6
14 0 12
54 27 333
75 94 297
31 51 180
14 14 13
48 46 56
55 12 19
67 40 63
40 68 261
72 53 15
20 73 294
22 69 255
78 45 29
99 48 20
27 35 272
91 74 78
31 26 49
65 91 204
31 99 177
30 79 240
36 29 199
21 64 76
38 72 298
47 13 184
4 90 325
57 55 271
32 68 58
42 47 98
31 67 263
81 10 96
42 57 104
56 23 179
32 60 60
66 20 153
7 53 306
64 29 148
30 44 96
66 17 316
36 15 15
51 35 31
72 52 204
96 40 176
56 80 336
27 96 226
25 8 297
28 39 265
28 95 54
76 17 270
84 94 93
26 41 361
34 48 91
89 13 158
10 93 349
4 7 252
51 90 136
50 1 270
89 83 353
14 8 311
76 84 17
80 62 181
30 99 101
3 82 14
71 21 75
19 83 123
58 17 246
22 13 104
66 38 358
37 24 314
48 28 90
82 95 105
93 99 278
53 7 185
16 60 132
0 45 346
96 96 114
44 66 138
13 83 6
39 23 173
70 78 41
0 43 323
41 36 256
30 90 54
44 66 292
22 35 282
80 47 40
21 55 24
68 95 158
95 6 7
81 1 230
16 30 347
29 8 17
62 33 281
37 92 66
77 93 209
5 95 349
62 7 274
63 22 145
51 81 150
41 45 18
96 56 168
60 65 106
53 83 180
92 66 33
66 3 353
10 30 232
35 80 81
89 85 3
33 91 285
50 89 236
77 3 323
73 94 174
32 2 326
51 40 319
54 59 273
42 97 195
8 8 248
4 6 232
12 55 20
52 40 295
83 12 171
9 78 56
97 57 25
74 46 110
62 59 156
59 14 259
51 32 157
87 76 251
32 25 56
47 3 327
55 25 266
27 5 184
92 69 160
7 54 77
43 56 88
73 20 74
1 36 65
18 73 13
20 87 263
97 58 91
13 25 100
45 29 96
16 83 85
62 76 186
74 32 353
77 64 279
75 30 227
58 4 67
1 88 360
39 96 321
18 28 151
75 57 244
5 26 301
64 57 89
11 75 87
15 35 144
16 7 128
65 76 330
60 93 319
13 35 222
91 1 96
59 52 335
21 7 304
98 25 313
49 0 61
42 49 261
84 6 98
19 85 50
42 29 187
80 28 234
56 12 76
48 13 62
86 45 154
54 73 316
62 42 10
61 4 160
70 23 299
68 94 270
8 64 32
8 68 211
36 56 62
78 46 114
96 41 67
81 10 139
85 57 211
60 85 273
88 8 250
1 48 319
54 49 8
23 18 185
14 16 58
14 0 153
89 25 192
19 95 140
9 40 225
4 69 242
56 70 188
14 28 315
82 27 308
5 20 313
25 9 110
73 43 329
64 0 256
22 50 11
15 36 315
4 85 313
47 19 92
58 77 197
81 22 101
18 66 251
92 36 66
55 90 312
29 51 260
47 69 292
63 87 303
13 29 282
37 35 202
66 21 194
93 11 19
61 58 50
52 87 229
5 18 225
40 20 356
94 60 344
72 35 109
0 9 190
89 55 160
76 33 271
1 49 288
85 24 11
27 76 4
87 12 208
90 34 48
8 42 147
1 70 164
16 17 208
83 46 14
63 61 104
71 91 226
92 88 89
67 54 153
58 15 10
0 31 56
35 73 226
97 58 330
49 80 88
14 18 349
47 76 116
57 18 168
67 91 42
28 12 92
82 3 28
45 18 304
10 86 198
48 85 331
59 40 207
80 13 107
17 32 235
47 14 97
68 57 67
23 44 206
65 62 338
68 71 342
78 62 205
67 78 323
29 15 71
88 17 47
35 30 345
6 46 83
99 6 27
22 44 141
22 42 267
34 97 279
30 91 15
96 56 238
99 9 194
64 86 65
62 99 315
74 95 296
97 99 223
21 47 281
85 63 199
35 60 200
8 3 58
71 80 201
43 73 97
63 30 10
2 97 325
79 23 310
75 22 360
40 10 122
84 36 163
9 60 2
85 73 100
73 72 47
58 36 118
26 37 350
54 2 48
20 85 5
69 29 263
34 52 199
75 18 249
56 40 81
8 68 222
95 52 355
97 88 58
8 22 81
30 38 329
2 98 266
88 99 360
23 87 118
23 23 321
43 94 213
23 65 25
40 19 63
79 84 95
72 40 139
18 63 51
65 35 139
81 98 88
88 17 178
24 4 71
26 9 298
65 58 102
11 92 69
84 7 125
58 92 220
69 32 74
59 6 24
11 98 237
93 81 182
99 5 166
99 63 78
38 23 259
46 89 252
77 85 9
94 83 216
34 50 187
63 28 178
65 19 267
49 45 344
55 32 161
55 85 25
98 23 281
13 48 301
89 24 328
6 73 27
86 52 313
23 64 53
16 85 84
9 57 308
50 5 119
40 79 71
76 64 319
33 80 1
48 48 268
7 79 324
40 17 77
14 98 2
55 2 96
39 64 84
25 45 213
2 46 185
78 59 133
62 53 239
46 7 307
90 95 284
3 64 308
41 51 115
51 94 152
28 21 251
99 72 246
61 41 331
68 4 128
11 69 238
0 30 32
9 96 160
26 43 334
14 72 128
74 73 26
28 25 358
68 4 307
46 97 255
86 42 294
25 45 23
23 38 316
12 61 146
88 44 4
79 91 120
6 54 356
83 37 245
74 77 281
97 37 188
94 53 147
65 73 92
48 41 216
89 80 8
80 98 297
2 27 350
73 30 148
10 6 119
1 99 59
7 67 319
95 31 179
42 41 269
21 29 273
42 91 34
48 24 329
86 48 322
25 8 149
67 89 288
57 6 348
33 98 219
90 39 272
20 59 209
63 87 17
83 56 246
22 42 182
25 21 184
53 67 128
39 88 134
97 23 214
45 54 223
59 66 307
84 73 292
15 6 183
20 86 326
35 13 196
40 55 170
2 52 276
45 56 137
61 73 56
52 87 52
23 17 261
58 82 152
66 67 164
14 67 33
43 24 162
52 4 191
64 64 227
37 51 246
51 28 248
13 26 5
79 38 289
8 88 15
46 47 187
77 52 72
36 26 214
74 86 292
81 1 191
16 57 150
77 33 300
69 0 268
81 53 230
56 33 178
62 52 249
49 87 103
5 99 344
38 59 223
71 93 278
90 23 318
0 90 173
52 15 190
90 95 332
70 72 175
64 55 287
63 85 81
79 23 70
57 33 147
19 94 249
69 13 3
84 95 120
38 52 76
47 99 322
91 17 268
90 74 187
53 51 217
63 45 218
40 98 169
55 38 22
93 9 304
9 17 70
19 82 6
0 49 66
11 81 257
19 33 282
88 29 151
27 55 16
99 17 38
67 49 85
16 99 175
5 34 1
46 1 128
71 25 52
95 28 29
11 61 61
5 40 259
38 68 256
5 9 91
14 20 192
93 20 144
40 53 60
91 73 222
93 4 47
52 42 202
49 18 196
7 92 275
68 31 35
64 43 134
70 99 210
6 70 120
97 48 240
71 37 208
66 35 313
52 51 71
44 63 159
70 94 253
8 57 71
21 32 324
62 4 93
84 62 246
51 51 172
86 67 283
30 64 257
13 32 32
93 59 344
42 64 86
56 99 280
89 78 105
65 33 254
13 29 277
59 74 268
40 46 81
29 28 288
66 3 215
8 40 306
30 60 252
81 1 113
13 36 342
54 86 86
33 61 295
93 41 11
95 42 361
34 3 26
9 90 258
83 50 296
40 77 183
96 91 268
69 59 154
77 30 204
44 13 166
36 64 170
49 19 59
64 5 241
0 71 66
6 78 281
44 0 30
40 55 55
49 55 48
18 86 291
6 7 264
46 31 20
11 57 299
53 83 280
7 90 324
92 14 288
47 50 321
86 93 222
67 70 212
64 62 206
34 5 338
37 21 317
97 21 354
76 60 228
34 72 340
3 23 10
9 53 259
77 12 217
30 91 313
20 97 306
10 31 350
86 95 45
6 1 180
67 80 181
26 3 201
71 79 134
36 85 103
98 86 262
51 55 81
87 87 18
53 38 298
0 99 303
17 46 244
18 7 214
27 46 201
62 26 343
65 11 155
47 1 209
78 72 228
79 36 312
49 95 252
0 1 44
95 35 339
43 33 12
26 17 283
51 21 330
87 89 86
31 69 81
33 55 142
36 69 193
34 83 276
67 55 313
0 53 122
72 13 95
70 45 282
51 73 293
89 76 4
43 52 146
77 48 21
7 5 21
89 98 66
45 66 144
0 72 129
90 44 108
4 98 155
49 43 17
14 64 231
13 32 216
50 18 70
83 50 335
53 70 24
13 13 75
60 38 162
75 37 264
84 18 63
85 37 177
67 20 337
38 59 72
20 20 258
46 90 349
59 31 285
6 13 298
64 87 162
30 55 253
72 28 2
3 65 61
21 16 61
66 55 65
38 50 277
7 91 13
10 87 235
24 26 58
5 81 243
99 30 268
64 68 135
16 47 107
67 78 200
5 2 283
29 76 216
52 65 60
54 34 358
91 56 360
11 31 158
21 16 260
88 46 11
35 65 306
28 63 156
16 30 289
12 63 330
98 94 75
17 19 152
53 83 35
69 12 314
34 63 282
93 58 228
88 5 241
68 70 330
77 10 13
80 77 9
24 92 168
62 96 96
32 6 55
2 21 28
62 1 105
62 63 205
75 35 64
9 95 292
12 38 187
44 57 4
61 93 143
25 99 114
63 69 93
37 20 132
26 39 213
5 32 103
89 82 39
72 67 62
76 52 32
5 21 94
28 51 50
35 65 208
6 27 301
21 33 324
93 38 245
26 3 174
26 41 234
11 85 76
93 64 312
33 76 160
33 59 112
65 0 288
1 89 21
23 39 327
15 43 330
91 84 105
25 22 54
25 85 125
1 87 10
42 3 50
70 76 216
81 46 116
90 1 235
95 65 105
12 38 61
29 83 226
42 38 90
99 48 256
65 89 102
64 47 104
11 52 344
53 9 106
73 4 171
47 34 299
90 60 224
37 72 287
63 89 350
91 79 36
59 2 200
5 94 171
52 76 259
58 71 312
4 11 177
66 64 116
10 26 163
14 48 356
15 49 147
56 37 46
52 19 195
24 97 144
8 84 348
5 23 250
9 80 195
32 7 96
84 44 112
37 47 67
52 44 124
62 45 36
59 29 237
48 21 22
77 80 294
30 28 198
60 73 100
38 83 70
25 74 204
22 13 337
74 86 139
50 21 99
29 56 51
25 71 305
0 46 28
32 87 111
47 38 89
33 77 281
77 3 355
65 75 104
51 8 163
52 17 102
81 77 279
9 96 232
96 39 214
78 6 248
17 2 14
61 78 201
17 3 230
5 94 225
62 88 114
66 6 33
50 84 113
80 6 34
3 43 289
1 35 209
12 70 286
53 74 134
0 52 336
3 15 266
51 7 114
39 10 323
4 17 194
15 48 266
84 94 109
32 77 117
87 81 327
25 81 336
52 65 191
60 61 354
2 23 183
59 86 151
11 72 204
35 43 285
23 70 125
51 41 108
74 54 36
98 76 79
71 86 55
18 74 184
27 6 158
34 22 160
11 90 295
51 2 25
79 99 204
85 53 36
74 9 177
85 53 169
11 96 210
94 6 287
47 83 87
79 24 187
42 85 342
98 64 154
68 69 205
59 55 139
20 17 87
83 55 257
17 83 52
79 75 222
93 87 317
65 98 130
9 32 194
44 37 297
35 7 359
28 86 52
81 75 91
61 54 206
56 48 141
45 47 332
49 87 155
46 7 200
49 72 70
4 74 128
3 7 215
94 8 161
29 96 328
63 74 255
91 96 231
21 59 333
18 43 344
45 67 105
4 57 240
80 2 285
41 57 173
49 98 19
94 92 73
43 33 28
26 57 179
93 45 234
87 90 252
79 12 327
95 49 84
74 17 78
70 55 117
95 87 19
48 33 286
28 40 67
42 42 4
53 31 140
32 33 125
76 12 111
26 3 17
32 41 175
47 28 131
96 23 147
59 25 116
37 5 122
84 48 271
40 17 265
65 91 308
8 55 210
49 8 52
36 87 170
26 54 72
57 3 331
33 79 34
95 8 280
61 59 274
55 52 3
8 74 53
65 72 148
53 98 107
7 79 311
76 40 86
89 62 212
66 82 338
5 70 128
48 86 242
54 71 64
50 49 230
49 24 360
6 39 335
37 3 195
19 70 350
33 7 22
70 5 222
91 6 339
80 53 71
11 79 349
21 4 314
24 46 40
46 54 297
51 77 337
12 51 99
40 85 73
65 47 8
45 24 357
37 99 281
13 41 311
66 93 52
52 54 256
40 8 323
90 79 312
39 3 221
88 99 285
36 24 198
31 35 12
6 29 315
23 44 211
52 67 341
4 78 73
61 17 255
39 55 241
74 39 308
50 44 110
74 50 38
62 75 75
20 2 307
88 99 3
23 45 159
12 90 71
68 68 43
71 53 340
2 30 9
52 57 60
48 78 248
33 69 234
26 56 316
51 44 11
50 49 306
44 0 73
16 60 22
32 90 312
25 90 335
25 38 257
58 29 6
13 56 355
80 2 300
74 55 138
48 16 261
49 66 131
15 0 40
49 13 75
93 48 332
44 60 291
25 48 290
42 8 20
41 72 151
68 41 291
89 90 274
85 58 296
58 83 57
21 50 307
89 90 217
44 60 116
70 30 79
42 0 339
29 7 240
51 74 252
99 11 253
48 58 126
6 94 273
99 49 292
80 93 311
63 51 155
99 83 9
12 95 187
89 6 149
13 21 348
44 73 351
54 98 356
71 7 132
28 55 314
89 49 212
94 28 80
27 50 241
72 13 331
36 53 268
70 46 33
93 75 154
60 93 199
22 24 136
75 52 263
54 78 22
46 68 91
31 27 286
91 76 135
34 62 84
83 19 224
65 76 20
95 98 117
10 79 353
14 73 194
75 79 279
40 44 309
52 89 216
33 46 216
35 92 160
86 93 8
65 40 259
95 1 266
53 33 3
66 60 325
52 62 85
7 85 313
74 44 36
70 85 75
0 92 23
78 72 355
81 19 294
91 13 358
23 99 236
17 90 128
49 88 64
98 59 86
51 52 198
17 10 201
92 19 48
13 50 357
87 47 204
1 74 164
78 28 100
45 71 126
48 83 123
65 99 201
85 35 350
75 54 314
84 32 268
61 79 16
99 94 34
16 23 86
17 31 159
35 97 190
83 60 86
33 82 207
88 53 46
82 61 142
97 69 65
96 79 37
41 42 353
7 4 246
28 26 109
24 70 323
98 77 178
45 13 301
47 53 63
14 67 203
65 25 240
93 24 109
49 30 203
64 75 292
10 67 101
1 77 59
81 33 83
11 29 35
98 92 329
40 91 180
80 79 20
26 20 177
31 91 27
32 63 3
0 47 163
40 57 302
27 78 313
39 81 201
56 52 22
75 20 177
29 91 21
11 33 239
84 57 133
71 37 182
8 33 200
57 34 4
70 82 72
56 86 46
83 74 5
15 45 135
69 68 199
37 28 81
79 81 146
28 74 266
15 4 187
25 87 334
35 14 255
5 95 185
27 0 216
1 23 180
67 9 313
77 0 157
1 81 193
14 96 116
61 45 91
89 39 253
92 15 272
35 16 112
39 33 137
51 82 103
30 43 6
30 69 109
55 17 245
21 86 232
62 48 176
40 34 187
67 17 261
14 80 284
27 69 301
44 7 243
22 36 60
56 7 80
8 59 107
75 14 56
60 45 323
47 48 141
55 90 325
19 18 286
31 59 159
74 19 102
55 15 15
24 17 25
9 20 277
45 66 334
8 26 250
11 29 146
77 82 205
48 36 181
72 66 355
74 6 156
77 52 132
35 94 245
36 69 192
93 23 329
61 8 266
77 69 301
54 53 226
83 65 97
69 41 68
5 3 184
84 63 37
63 37 359
98 79 338
26 29 68
19 66 136
44 35 318
67 39 336
84 71 145
24 85 169
2 43 319
73 28 51
53 41 80
17 67 286
1 40 113
34 43 33
62 23 231
18 27 335
17 26 282
8 23 128
76 25 179
33 99 30
23 97 178
27 81 95
1 89 356
4 18 313
4 1 18
91 41 29
47 4 265
7 81 82
83 51 206
73 16 150
34 41 44
10 81 276
40 76 259
31 81 331
32 85 140
81 89 331
84 60 67
88 48 136
22 90 36
68 31 82
84 82 197
26 1 226
97 82 149
95 17 50
28 22 11
33 45 196
73 51 222
86 50 326
2 56 227
13 22 215
82 25 297
8 31 353
24 73 297
15 44 69
10 55 179
29 32 286
38 8 290
73 74 266
23 30 182
5 76 301
16 99 90
58 10 37
25 71 48
0 15 119
42 72 225
75 31 292
38 46 201
18 68 326
48 86 315
60 60 339
8 64 124
49 46 87
40 89 214
22 4 283
29 37 211
0 37 108
35 71 19
75 55 204
16 25 227
6 86 11
66 39 193
43 89 70
82 0 117
67 19 304
16 16 37
60 74 262
16 36 295
35 85 159
68 52 232
7 91 183
50 30 109
18 8 356
22 91 232
95 23 232
55 42 232
5 85 6
53 36 195
49 69 120
15 8 155
58 70 327
95 23 1
24 25 284
59 33 39
29 6 153
43 6 41
48 42 275
71 73 318
64 96 74
96 50 311
25 38 223
37 29 83
53 29 289
71 71 122
30 97 150
72 99 12
13 45 53
48 74 343
19 36 95
91 2 59
79 14 319
14 5 142
58 52 236
2 89 304
45 83 269
93 27 267
96 96 26
91 41 257
91 78 113
95 65 193
52 83 34
80 43 252
54 20 117
53 26 75
63 79 198
41 85 298
84 48 282
84 3 6
26 19 356
3 37 201
5 24 240
42 95 229
30 77 244
5 57 311
40 7 153
94 33 31
28 3 9
71 1 348
25 31 353
23 46 115
98 92 185
91 16 47
47 38 335
66 22 252
96 18 33
65 39 221
81 3 135
43 1 181
26 4 361
16 32 234
69 6 215
42 26 356
27 2 305
80 13 6
36 26 230
87 38 186
72 95 62
55 1 356
71 45 218
22 71 277
5 87 161
11 22 39
0 14 154
23 16 73
29 9 173
71 80 231
23 16 116
41 43 203
77 48 208
82 95 260
4 17 39
34 65 50
76 69 214
94 34 173
92 13 211
4 92 165
40 77 243
72 34 112
82 46 241
1 32 297
1 75 15
64 25 232
71 57 127
85 57 357
12 44 251
62 13 212
34 59 73
41 80 82
12 94 47
78 4 177
24 87 44
19 16 321
41 97 295
46 40 133
20 7 232
70 55 148
30 69 1
28 3 90
18 10 337
91 88 346
26 92 142
10 63 155
59 67 132
38 94 281
77 59 88
88 98 157
68 86 279
77 62 256
54 41 361
44 8 343
57 96 151
81 19 238
31 91 83
34 17 108
88 58 169
83 25 218
22 60 263
88 76 291
26 23 15
81 55 115
97 83 187
21 84 90
12 34 42
0 1 235
2 78 306
81 53 9
72 15 77
5 25 138
16 89 251
15 79 173
66 91 137
0 91 33
74 5 260
11 8 173
4 54 270
20 15 283
53 24 236
32 67 353
5 83 264
90 81 194
48 52 102
80 72 62
53 89 187
75 64 301
66 28 330
28 69 195
56 33 37
62 90 172
36 31 204
42 10 174
57 77 62
10 4 318
64 56 177
39 21 198
15 84 360
0 80 179
46 7 209
78 18 32
11 21 195
60 99 79
9 7 330
20 29 314
9 55 154
28 75 275
75 6 199
91 73 207
93 48 293
85 42 140
33 38 145
58 42 230
72 91 221
44 23 140
22 53 279
57 83 87
73 14 83
20 6 349
82 68 237
56 48 140
6 71 236
8 44 97
7 65 121
69 93 39
87 48 336
90 61 33
76 18 207
60 92 237
71 6 296
41 94 250
25 17 305
48 80 285
54 25 60
33 88 207
63 30 52
29 6 2
17 38 110
36 47 246
55 58 231
32 8 225
58 98 306
52 11 115
71 29 4
56 21 108
91 85 292
88 28 149
26 68 81
76 59 86
82 34 28
98 32 37
62 50 216
63 5 46
57 93 107
3 48 169
73 41 210
20 98 257
9 0 309
30 73 84
12 79 120
63 77 69
37 91 276
92 54 251
78 91 210
34 84 159
59 64 291
60 61 242
30 2 150
72 70 333
22 23 309
3 86 181
96 99 57
80 41 334
0 22 108
75 11 142
55 55 221
93 53 187
34 37 173
23 26 90
56 53 331
20 68 338
46 51 326
4 98 171
27 0 302
37 29 126
78 30 216
57 37 15
5 62 214
22 86 281
90 95 198
86 21 82
82 61 329
76 35 271
15 66 213
56 77 270
33 98 156
68 35 257
21 75 103
21 58 75
40 34 177
20 1 57
9 42 182
5 53 169
33 49 210
48 76 62
70 75 349
56 82 141
26 89 79
16 27 293
76 72 279
16 69 288
66 50 259
55 54 317
61 94 196
38 21 335
61 88 101
27 24 134
90 90 266
81 38 147
37 48 237
52 18 257
88 0 27
26 91 80
32 82 337
25 97 99
8 29 187
47 24 69
1 14 59
65 75 314
20 37 312
61 52 249
53 37 94
74 33 334
6 37 203
22 95 45
16 32 69
88 7 284
9 36 176
99 53 257
52 35 48
95 49 176
23 17 97
68 60 165
20 10 260
45 47 49
20 60 245
83 89 192
77 77 173
43 63 193
43 49 279
60 41 110
49 37 269
44 39 143
95 95 140
99 57 256
84 52 92
2 20 245
24 42 33
88 81 1
87 78 132
89 12 161
84 51 164
52 91 236
37 11 328
6 22 327
35 22 138
12 82 239
88 89 289
78 66 20
77 72 202
44 54 117
17 45 337
46 63 164
96 86 45
89 78 117
59 28 326
16 1 97
58 67 107
96 35 293
88 95 351
74 75 320
21 22 191
62 90 345
27 32 39
92 85 108
50 26 94
85 19 243
47 46 36
81 56 86
17 49 176
1 43 22
86 43 349
51 62 308
17 6 83
57 94 114
8 39 104
92 29 67
66 97 294
97 33 120
25 2 47
71 67 212
35 18 168
45 63 179
56 77 222
84 57 199
7 58 153
31 5 327
5 40 129
18 23 349
43 70 120
81 35 58
16 90 216
79 4 264
33 62 193
46 35 44
68 50 120
89 55 237
72 58 90
34 38 98
79 88 15
57 86 80
82 54 284
19 47 226
99 59 19
86 45 156
31 72 51
51 33 45
3 49 20
98 45 294
26 74 188
29 78 172
89 2 130
70 0 215
32 39 126
36 27 293
12 53 111
77 12 313
66 94 86
27 54 268
81 32 204
53 28 323
48 76 336
88 66 334
0 19 110
98 94 208
28 41 202
18 84 175
76 21 98
62 9 78
81 68 59
92 37 202
17 8 130
34 70 102
75 16 249
91 99 196
29 47 167
52 89 168
50 88 298
32 61 264
8 64 11
59 29 179
12 43 218
69 3 233
52 99 139
53 20 172
28 0 271
31 20 350
41 48 43
15 38 205
96 54 322
89 82 203
72 16 78
96 85 76
58 33 308
85 87 227
48 21 339
40 54 336
95 48 84
72 33 313
93 93 163
43 36 16
26 46 203
18 0 272
48 21 91
28 55 38
99 14 74
6 57 243
6 9 258
18 99 213
11 81 138
89 30 308
22 26 109
8 83 322
62 53 31
32 33 114
26 90 70
34 78 83
27 20 343
16 76 314
32 92 221
77 48 267
79 38 338
4 28 137
96 13 33
70 85 109
69 17 197
54 85 310
87 13 198
91 49 189
90 85 84
80 95 299
22 71 134
37 39 329
98 34 279
85 28 184
62 68 147
28 8 287
2 20 286
9 4 17
85 27 258
72 28 72
38 64 215
71 55 204
80 15 204
99 45 31
29 44 251
62 5 255
67 87 353
72 50 61
53 49 192
75 54 176
77 98 129
29 29 260
99 39 119
99 20 22
22 3 174
36 3 67
20 89 119
67 42 119
54 75 229
91 68 125
44 71 207
79 95 29
92 81 84
27 94 264
62 67 334
73 99 275
34 85 167
71 5 196
51 47 163
42 83 83
73 98 277
11 4 91
26 78 357
0 67 180
4 32 74
83 23 235
8 73 185
62 72 70
83 28 141
6 16 171
30 4 272
8 80 10
61 96 48
8 43 158
32 16 118
6 5 317
89 88 243
17 89 40
8 48 94
83 63 211
94 65 333
39 18 49
2 38 165
98 76 97
5 61 226
69 31 207
67 63 184
42 86 207
97 32 286
69 37 8
23 9 102
70 12 157
32 63 146
58 72 12
79 14 121
94 10 155
23 84 220
74 36 305
74 13 332
57 98 299
13 7 171
54 24 15
99 42 61
83 29 313
98 7 77
33 21 94
15 75 203
80 58 191
86 15 350
46 40 313
46 61 40
23 27 316
85 17 42
67 95 246
42 51 80
79 65 216
31 64 211
31 81 268
72 2 340
7 76 196
43 48 66
50 81 17
51 44 354
39 70 298
13 64 174
63 91 131
67 68 4
33 29 296
9 27 84
