765
1000
45 73 668
48 63 47
0 67 660
59 58 468
10 25 709
64 43 677
67 56 401
14 97 34
82 56 727
56 90 120
85 17 683
29 64 673
45 3 281
29 7 350
78 2 464
18 22 544
82 91 621
11 92 121
70 5 103
24 30 495
46 71 46
90 84 654
45 93 481
78 56 112
42 86 137
70 65 513
8 63 216
27 66 678
37 91 549
55 17 630
14 89 609
75 34 708
16 27 635
98 30 367
50 35 583
39 22 147
39 46 322
0 23 66
73 87 672
87 62 166
81 73 264
12 18 380
18 84 384
33 51 664
80 64 115
73 51 35
62 66 312
11 31 50
79 30 473
31 97 547
42 74 9
47 69 430
32 37 101
82 47 302
46 5 757
67 29 210
87 55 688
65 66 293
47 22 200
33 56 748
95 81 485
80 92 221
6 69 560
88 64 220
68 68 111
82 49 17
23 6 757
13 33 437
42 98 485
54 79 586
64 87 217
70 51 394
31 57 180
3 35 580
19 86 77
5 63 44
45 42 502
10 69 52
83 34 594
98 44 648
71 64 701
72 72 599
92 17 520
39 90 249
11 28 59
18 39 316
99 5 107
81 54 359
20 84 147
84 23 390
34 69 660
79 9 621
64 96 177
58 66 554
37 73 543
0 43 640
54 52 311
1 5 238
27 44 234
10 27 372
86 14 661
4 69 501
31 65 1
68 83 401
21 82 269
49 20 312
1 16 340
60 64 422
96 81 520
97 60 72
61 50 415
58 95 611
41 24 305
99 54 540
79 86 724
33 44 392
1 19 110
33 76 128
29 75 297
74 36 73
22 99 712
48 70 24
73 96 620
60 17 463
68 38 71
86 35 389
80 40 483
43 43 85
77 74 175
42 96 277
96 64 413
69 99 462
23 80 218
77 13 254
29 50 456
72 87 21
17 15 320
50 71 203
71 99 425
84 96 610
36 22 490
97 41 409
50 2 635
72 81 264
68 64 109
92 93 614
42 22 475
72 60 277
96 56 488
5 99 593
22 43 44
23 54 16
39 36 214
3 56 559
90 35 394
50 20 462
83 11 137
33 72 76
9 13 268
10 58 25
28 66 197
60 53 639
52 24 374
64 42 308
85 19 98
26 69 238
56 0 413
20 31 111
55 51 276
48 11 543
25 28 140
42 57 650
54 79 585
99 88 691
86 42 507
51 73 383
80 58 662
78 21 178
46 77 493
22 53 323
13 90 346
92 76 663
32 2 501
7 68 575
17 15 637
18 10 338
71 23 735
29 32 59
53 83 46
36 17 226
52 58 25
53 64 575
95 75 37
50 83 295
78 77 499
71 72 355
26 63 727
10 6 105
28 20 267
89 67 261
39 6 594
52 70 641
70 46 375
4 17 729
48 80 559
64 1 736
87 99 355
95 68 394
59 44 630
15 12 526
7 81 627
83 19 287
56 63 324
63 76 2
80 13 270
98 40 143
12 50 597
28 67 762
14 92 439
8 86 265
52 83 249
67 68 116
72 54 145
83 16 740
2 58 261
33 91 437
20 30 243
32 16 538
45 36 345
65 17 764
31 35 583
66 44 604
11 36 112
83 68 59
33 27 359
62 27 704
74 9 178
18 58 203
53 27 746
19 67 573
42 64 621
84 99 326
24 87 485
78 39 411
48 75 763
79 70 273
89 34 178
11 83 356
41 50 424
69 60 292
24 30 415
13 40 300
59 85 530
46 29 22
21 94 654
11 28 185
11 64 149
37 33 671
98 66 384
47 92 14
55 8 275
86 41 287
82 65 340
61 43 463
19 8 237
85 79 578
95 9 430
65 61 619
71 13 1
66 7 458
11 55 69
96 90 224
71 69 630
33 4 94
86 58 520
50 79 411
71 18 551
74 1 145
2 34 635
55 13 348
12 59 381
52 80 461
31 70 102
63 96 367
75 16 239
43 78 224
19 63 335
85 80 606
50 40 393
95 46 223
47 85 177
61 42 658
50 75 687
90 20 138
50 63 561
96 81 334
49 95 529
53 0 112
16 23 22
30 48 308
23 7 580
60 32 623
71 73 61
76 14 630
35 14 623
32 5 47
4 40 136
26 94 506
85 86 27
83 75 432
50 32 353
51 42 257
96 87 22
33 2 576
54 48 353
3 81 275
57 56 570
4 85 120
17 30 549
74 7 221
15 7 342
37 7 743
65 94 514
95 64 185
95 2 231
3 64 724
92 45 706
27 31 705
66 30 600
33 93 330
83 69 390
87 41 755
87 51 477
87 68 425
21 16 575
24 58 158
63 12 86
73 20 126
99 67 65
92 27 297
50 40 689
72 29 651
98 18 631
54 69 608
79 77 615
25 70 610
72 88 193
44 41 388
92 70 121
77 45 130
70 2 398
46 26 96
90 74 132
99 67 389
93 14 466
57 0 506
30 96 691
14 57 397
53 90 440
59 12 396
19 77 287
35 36 128
43 96 259
91 74 715
63 22 337
8 92 290
28 84 5
25 76 241
17 84 720
86 38 260
20 55 245
35 16 444
23 72 558
14 16 377
28 7 311
31 7 272
46 67 312
4 66 419
57 58 38
47 2 704
85 15 143
67 68 648
0 2 408
95 36 525
46 23 417
21 22 191
99 53 591
97 14 349
92 40 226
61 59 587
79 32 279
78 6 131
49 66 32
13 49 513
67 28 42
75 58 448
29 55 435
17 46 591
93 62 228
18 13 470
27 68 454
2 57 514
26 35 437
2 92 670
68 6 105
65 68 413
19 69 115
53 11 220
60 84 8
56 17 278
10 57 326
12 35 735
93 94 7
75 84 725
78 15 614
60 55 78
53 20 114
70 54 164
1 85 391
56 32 64
50 57 34
86 62 629
88 16 746
83 28 286
63 40 296
68 29 677
0 88 498
65 62 709
17 82 461
58 57 434
98 74 398
92 56 738
25 26 542
27 69 720
89 70 157
17 88 563
30 1 4
89 71 353
57 88 711
41 53 508
64 37 428
14 99 35
53 63 493
24 92 572
69 79 71
81 97 685
77 47 281
91 37 752
73 6 154
45 2 77
85 86 239
47 76 627
59 35 373
18 39 252
60 56 390
38 34 56
11 71 413
12 55 148
34 71 36
30 39 446
60 40 411
52 78 183
11 39 605
5 55 133
27 2 151
63 60 745
68 5 591
18 36 516
28 96 287
77 29 550
32 10 227
21 77 6
74 38 740
41 82 339
29 21 229
88 55 464
54 80 112
9 65 642
62 52 439
12 22 504
70 13 653
15 17 653
70 92 514
26 45 309
27 82 62
22 37 170
87 45 728
15 81 719
29 87 310
54 2 525
69 19 207
10 28 450
68 78 666
88 22 469
83 63 499
82 39 594
15 83 220
48 50 248
95 8 476
56 83 127
14 55 489
27 31 467
82 9 12
36 18 43
7 23 608
7 58 206
61 87 332
34 39 51
77 84 581
26 21 668
41 84 413
29 66 298
95 56 284
29 39 258
59 13 621
12 7 58
3 48 629
81 75 392
38 77 119
68 18 393
91 65 124
55 33 303
8 39 670
65 6 370
85 26 120
23 27 350
9 24 136
17 96 433
57 14 153
33 51 604
38 48 72
10 77 555
45 54 430
9 7 680
17 40 674
72 97 118
92 6 722
4 18 472
14 13 478
7 18 692
5 41 179
31 21 675
57 6 213
32 2 56
91 59 515
67 58 434
47 53 571
83 29 437
73 62 183
45 82 466
81 17 660
89 44 531
16 37 402
94 96 750
22 26 61
7 21 148
74 74 369
43 11 359
70 5 378
63 59 272
38 13 730
80 60 201
83 53 630
63 95 513
25 62 468
87 93 493
79 24 257
32 72 561
15 25 657
59 20 528
12 94 414
19 11 574
97 22 75
82 37 417
41 24 753
44 85 721
71 44 593
59 96 36
10 4 144
21 19 405
81 49 339
10 36 495
28 79 216
96 77 86
88 62 197
5 94 279
62 33 88
57 62 165
79 7 316
40 54 126
47 11 158
35 40 363
24 36 618
6 78 306
73 11 493
97 25 38
59 77 85
36 79 735
0 6 265
27 76 334
54 26 554
80 93 177
68 43 368
1 74 554
14 17 632
1 73 746
0 85 755
68 69 573
20 64 461
47 79 510
48 36 619
41 9 626
59 65 571
63 53 255
30 65 509
14 4 650
39 11 328
36 67 646
42 34 243
75 25 465
17 46 651
45 74 114
18 36 184
77 88 396
34 49 618
33 61 494
88 57 442
50 93 193
74 45 534
12 73 641
88 49 67
24 5 246
38 38 130
10 33 132
66 41 281
5 68 497
32 13 187
28 32 392
75 96 650
74 60 708
69 98 510
14 22 535
16 63 272
66 44 234
78 98 271
57 64 631
98 94 345
72 41 30
35 21 722
70 38 107
55 47 324
25 6 212
48 53 271
75 24 228
13 20 453
64 84 620
55 48 760
0 91 52
70 88 327
87 52 608
64 33 476
19 37 675
3 6 691
98 97 540
5 88 749
7 46 743
51 7 562
7 26 227
4 6 92
45 93 117
29 5 107
90 9 197
87 82 116
55 11 285
1 9 72
84 19 406
10 92 469
61 50 92
79 4 326
0 69 614
27 53 621
64 87 698
74 43 461
7 89 48
71 39 296
38 93 243
71 46 370
64 55 105
54 81 546
70 90 405
85 76 364
37 2 600
83 96 247
18 49 213
78 24 40
44 53 87
82 1 232
29 74 138
74 46 134
69 93 139
32 95 346
57 54 96
5 6 271
27 81 398
49 16 646
18 98 393
96 42 89
46 17 633
12 50 255
25 67 354
45 45 329
47 81 65
9 27 510
56 73 179
83 17 535
27 71 102
7 33 14
57 23 163
41 36 335
25 45 142
37 23 438
96 44 541
48 9 585
44 86 418
76 91 659
49 36 389
19 21 563
0 58 635
57 46 669
55 69 531
48 20 579
94 76 327
89 14 729
37 77 90
16 5 389
15 55 476
30 91 367
84 78 610
13 16 757
59 98 274
18 41 513
30 23 210
46 34 66
91 9 628
38 63 45
94 87 393
92 46 163
33 74 131
97 56 426
46 22 106
91 82 575
30 84 189
8 56 395
0 74 323
63 23 375
79 7 725
58 83 494
88 24 282
43 4 706
25 40 449
85 67 560
99 48 177
53 89 712
39 51 121
44 40 164
25 2 486
2 11 678
68 11 556
61 3 711
19 5 43
95 77 200
15 87 434
61 94 64
53 46 83
82 17 62
76 59 753
61 91 751
27 64 299
75 3 370
87 92 662
91 60 483
3 10 117
63 72 685
77 20 490
70 95 407
90 20 622
40 65 751
76 26 670
16 96 747
13 73 556
14 60 341
88 26 639
75 53 717
71 6 383
58 81 295
25 96 734
40 40 51
5 58 18
23 90 339
59 44 659
18 89 609
61 72 137
68 78 222
4 16 448
89 2 649
10 8 83
26 77 355
36 20 760
4 70 128
13 12 51
2 70 468
7 34 158
61 66 158
62 46 277
25 67 232
23 60 298
31 19 378
2 66 642
25 51 602
19 82 311
83 70 702
9 17 439
6 76 678
8 43 122
17 1 621
27 99 453
89 32 304
5 71 672
83 98 488
17 48 462
13 34 285
33 60 402
75 36 670
88 25 79
89 56 730
77 58 23
22 4 496
24 36 388
70 57 381
51 98 750
70 78 473
3 7 465
93 93 461
42 94 54
87 68 36
61 94 736
83 52 68
58 58 474
51 54 473
79 83 473
3 51 264
54 87 111
17 50 742
84 93 635
58 43 576
15 14 214
90 16 125
58 87 50
12 52 106
30 24 369
71 77 454
63 31 382
78 3 259
14 5 591
85 26 764
11 63 278
41 20 523
89 22 573
3 81 550
63 81 480
27 32 403
83 7 324
97 15 704
29 8 542
59 44 169
18 17 475
83 41 90
63 72 515
83 53 126
41 22 166
87 59 51
70 10 72
16 63 592
63 48 180
52 77 58
20 78 325
68 92 331
57 92 145
6 1 16
82 55 185
66 66 355
67 54 353
40 62 59
42 76 424
52 85 660
68 77 223
32 48 572
50 54 575
16 2 267
89 43 760
85 27 54
5 77 699
52 89 303
53 90 494
25 64 594
76 29 301
73 27 61
18 1 1
89 9 329
96 32 49
74 25 210
61 65 151
88 62 123
72 53 404
55 31 181
48 64 428
64 28 323
38 11 112
72 2 337
21 96 680
37 86 290
68 81 164
11 73 517
21 84 221
55 42 633
72 13 717
86 14 284
48 65 741
99 46 434
43 36 411
49 19 383
92 19 383
12 42 207
74 49 363
24 62 683
92 1 513
24 75 246
54 36 151
18 87 343
31 88 630
3 19 632
47 36 214
58 96 329
68 76 262
85 98 570
85 27 263
69 38 320
87 50 458
6 46 447
95 26 582
65 43 335
13 85 185
83 46 337
59 93 46
21 87 569
4 7 327
6 63 8
53 55 668
18 22 307
96 76 346
22 40 559
32 48 595
36 91 345
96 57 11
41 88 227
2 18 498
34 67 564
33 16 727
31 9 514
53 5 218
80 59 214
34 86 743
82 77 159
80 52 506
4 0 204
26 35 421
29 1 123
19 8 596
40 41 453
97 30 365
52 18 351
96 68 691
7 5 425
42 32 336
14 62 659
34 71 574
96 94 397
16 32 448
61 32 165
14 21 15
54 39 364
33 87 135
50 70 543
75 39 163
12 80 542
91 61 554
52 77 726
67 54 80
47 1 455
80 97 342
